0.006720275 0.006614531 0.006620425 0.00659481 0.006617114
0.006684008 0.006784152 0.006799744 0.006761452 0.006725976
0.006714643 0.00686222 0.00686337 0.006837107 0.006813905
0.006757207 0.006778206 0.006649189 0.00664808 0.006627238
0.006610692 0.00665251 0.006677906 0.00676377 0.006793966
0.006845581 0.006769554 0.006686692 0.006669333 0.006790237
0.00678569 0.006849371 0.006881772 0.006983983 0.007005605
0.007136845 0.007116591 0.007161082 0.007120124 0.007024311
0.007057266 0.007024616 0.006995662 0.006961291 0.006945144
0.00685525 0.00685013 0.006884941 0.006843783 0.006782352
0.00670078 0.006822554 0.006912546 0.00696984 0.006989632
0.007029157 0.007056875 0.007157388 0.00726809 0.007391177
0.00744093 0.007439466 0.00739124 0.007403698 0.007330279
0.007398541 0.007426097 0.0073468 0.007328249 0.007272944
0.007219546 0.007227893 0.007303854 0.007310786 0.007312146
0.00744675 0.007437635 0.00737357 0.007384819 0.007432689
0.007530704 0.007605475 0.007731806 0.007802498 0.007743914
0.007685143 0.007755566 0.007754703 0.007763103 0.00773925
0.007660998 0.007556202 0.007585309 0.007628976 0.007678914
0.007626403 0.007569555 0.007598958 0.007639212 0.007752755
0.007740777 0.0078671 0.007936465 0.007928615 0.007813487
0.007831974 0.007709283 0.007713006 0.007783276 0.007811428
0.007778261 0.007763938 0.007807414 0.007763482 0.007820244
0.007863826 0.007905113 0.007912121 0.007967091 0.007969476
0.007969941 0.008058697 0.008062214 0.007977493 0.007895651
0.007914737 0.007962834 0.007969773 0.008041757 0.008030574
0.008111858 0.008199048 0.008156094 0.008071362 0.008062529
0.008010124 0.007965006 0.007932019 0.00802536 0.00790962
0.007818757 0.007784899 0.007708022 0.007633082 0.007651996
0.007694489 0.007680374 0.007558005 0.007591793 0.007596728
0.007566708 0.007536127 0.007444445 0.007378469 0.007388493
0.007360507 0.007349372 0.007298191 0.007267066 0.007266372
0.007364836 0.007379834 0.007433719 0.007398595 0.007501047
0.007507408 0.007508379 0.007466216 0.007479311 0.007483707
0.00754036 0.007590822 0.007581936 0.007488213 0.007560426
0.007552251 0.007439287 0.00752855 0.007580292 0.00764807
0.007770939 0.007668538 0.007661885 0.007714976 0.007789869
0.007719049 0.007663261 0.007503312 0.007495522 0.007542191
0.007524199 0.007554049 0.007567556 0.007531914 0.007497275
0.00746703 0.007498994 0.007518938 0.007521605 0.007562423
0.007568473 0.007596702 0.007515534 0.007405211 0.007369259
0.007414074 0.007415791 0.007364082 0.007377959 0.007489436
0.007519281 0.007451153 0.00743957 0.00746306 0.007463209
0.007524701 0.007645629 0.007673123 0.007729945 0.007771554
0.007724115 0.007851672 0.007920727 0.007841091 0.007791066
0.007809679 0.007761994 0.007793145 0.007747101 0.00769654
0.007706362 0.007712526 0.007770726 0.007794141 0.007734269
0.007819 0.007835549 0.007778243 0.007771341 0.007740145
0.007780348 0.007801036 0.007802956 0.007828988 0.007726207
0.007852924 0.007774606 0.007648124 0.007671761 0.007612989
0.007626195 0.007509141 0.007513106 0.007520524 0.007613895
0.007581795 0.007564212 0.007554876 0.007536041 0.007512477
0.007378122 0.007322315 0.007193432 0.00718877 0.007229671
0.007236762 0.007118034 0.00713717 0.007069078 0.0071712
0.00715459 0.00726199 0.007281916 0.007177634 0.007178753
0.007195422 0.007264389 0.007305539 0.007383764 0.007386085
0.007379326 0.007359728 0.007455258 0.007439046 0.007456989
0.007416517 0.007454749 0.007425014 0.007265812 0.007291624
0.007336649 0.00734876 0.007502198 0.007525035 0.007637348
0.007669358 0.007659471 0.007589641 0.007565238 0.007532377
0.007490791 0.007538511 0.007581198 0.007537601 0.007400563
0.007283994 0.007138244 0.007167211 0.007124001 0.007164767
0.007130877 0.007154988 0.007150387 0.007164904 0.007136432
0.007031564 0.006963349 0.006807436 0.006800949 0.006819413
0.006807505 0.006797542 0.006736231 0.006727388 0.00674347
0.006751227 0.006699382 0.006673654 0.006646498 0.006515127
0.006553311 0.006608244 0.006636665 0.006694411 0.006726555
0.00678402 0.00678504 0.006801487 0.006871656 0.006773431
0.006779996 0.006736866 0.006754147 0.006698077 0.006772388
0.006778024 0.006757339 0.00665001 0.006591609 0.006653966
0.006665365 0.00668557 0.00669205 0.006715547 0.006786025
0.006943285 0.006976484 0.006951429 0.006927634 0.006888469
0.006890715 0.00699713 0.007063558 0.007098655 0.007100217
0.007092801 0.007066158 0.007140337 0.007043502 0.007104582
0.007153298 0.007267792 0.007173448 0.007112586 0.007130853
0.007105795 0.007003819 0.00695961 0.006955389 0.006984642
0.007084901 0.007152046 0.007253453 0.00716287 0.007252008
0.007170326 0.007228191 0.007142579 0.007192281 0.007261933
0.007201192 0.00711915 0.007048865 0.007052052 0.007023421
0.007072366 0.007131463 0.007076931 0.00711529 0.007146859
0.007201583 0.007278153 0.007388867 0.007459039 0.007469335
0.00749373 0.007543278 0.007632579 0.007537406 0.007464195
0.007570949 0.007471723 0.00751676 0.007578394 0.007488541
0.007376609 0.007293572 0.007364585 0.007361572 0.007361577
0.007341643 0.007405908 0.007468955 0.007494717 0.007521276
0.007450738 0.00748942 0.007504578 0.007512729 0.007558658
0.007563875 0.007588958 0.007655884 0.007586074 0.007566356
0.007583711 0.007596166 0.007602483 0.007634923 0.00768016
0.007670949 0.007677598 0.007623507 0.007543166 0.007606315
0.007605396 0.007566469 0.007683559 0.007705345 0.007700661
0.007604216 0.007547983 0.007465618 0.007452066 0.007567548
0.007572318 0.007570194 0.007531545 0.007411778 0.00745619
0.007563924 0.007614592 0.007564786 0.007579815 0.007519698
0.007429144 0.007563327 0.007544063 0.007574698 0.007640758
0.007746364 0.0077745 0.007767205 0.007793307 0.007776309
0.007888548 0.007909661 0.00797142 0.007991002 0.007949428
0.007934466 0.007985605 0.007991025 0.007959067 0.008006826
0.008051057 0.008016196 0.008048162 0.008068919 0.008101905
0.007960381 0.008058326 0.00811035 0.008185636 0.008220906
0.00816989 0.008228194 0.008194546 0.008235742 0.00814981
0.008201159 0.008118425 0.008149753 0.008181669 0.008034993
0.007974591 0.007974066 0.007908732 0.007790973 0.007747503
0.007750265 0.007682062 0.007617228 0.007558544 0.007635892
0.007592936 0.007660485 0.007660074 0.007735543 0.007633882
0.007687318 0.007814072 0.007827943 0.007698702 0.007644381
0.007643485 0.007594243 0.007536343 0.007581926 0.007693683
0.00761708 0.007623596 0.0076545 0.007642841 0.007688609
0.007742989 0.007892465 0.007960281 0.008055255 0.008072518
0.008064838 0.008090081 0.008021371 0.008039806 0.007944868
0.007839115 0.007940265 0.00795749 0.008060409 0.008043639
0.007990699 0.008027174 0.008024435 0.008089537 0.008124683
0.008177846 0.008172402 0.008164313 0.008196218 0.00817928
0.008153339 0.008236481 0.008280236 0.008157927 0.008099981
0.007957229 0.0080113 0.007906684 0.007951784 0.007825751
0.007859373 0.007808113 0.007679413 0.007586529 0.0076127
0.007737077 0.007815959 0.007909433 0.007897619 0.007908301
0.007945308 0.007900653 0.007971237 0.008030999 0.008057293
0.008040177 0.008026443 0.008003934 0.007971268 0.00799022
0.007848784 0.007886112 0.007923906 0.007870706 0.00795768
0.007980606 0.00793517 0.007909677 0.007866083 0.007746301
0.007692794 0.007668648 0.007665024 0.007625624 0.00769008
0.00760696 0.007535335 0.007502463 0.007435632 0.007321595
0.007356885 0.00733565 0.007377226 0.007425313 0.007294904
0.007122945 0.007201985 0.00721414 0.007231165 0.007181758
0.007187074 0.007161326 0.007205113 0.007179655 0.007201045
0.007224144 0.007249047 0.007246204 0.007168352 0.007135471
0.00712215 0.007130024 0.007117428 0.007228845 0.00715077
0.007263072 0.007264029 0.00727694 0.007319449 0.007431006
0.007368703 0.007321364 0.00736312 0.007364685 0.007257413
0.007226143 0.007092788 0.007090693 0.007134066 0.00726882
0.007315742 0.007289222 0.007235499 0.007189317 0.007138754
0.007235924 0.007260643 0.007277602 0.00725955 0.007318304
0.007257647 0.007257128 0.00735074 0.007338724 0.007362959
0.007404366 0.007390139 0.007229297 0.007135794 0.007131417
0.007155812 0.007064516 0.006982119 0.006869248 0.006834832
0.006892675 0.006963418 0.007068294 0.007077693 0.006950319
0.007000508 0.006970758 0.0069907 0.006993289 0.007003903
0.007015753 0.007101648 0.007127156 0.007162491 0.007248647
0.007193577 0.007151983 0.007224343 0.007173111 0.007192666
0.007203383 0.007204935 0.007196706 0.007157077 0.007120041
0.007085411 0.007037834 0.007098763 0.007137541 0.007101408
0.007074228 0.007098946 0.007105926 0.007119088 0.007011095
0.007024975 0.00700074 0.007118702 0.00711686 0.00706226
0.007145391 0.007233234 0.007194687 0.007247972 0.007244219
0.007333052 0.007242737 0.007138357 0.007133864 0.007223701
0.007088234 0.007048757 0.007050359 0.007024976 0.007030788
0.007049586 0.007083227 0.007011567 0.007056657 0.00716795
0.007207068 0.007228703 0.00722363 0.007204072 0.007203094
0.007206463 0.007212674 0.007332306 0.007277513 0.00725606
0.007317083 0.007211069 0.007134241 0.007006205 0.006939435
0.006989354 0.006968233 0.007068934 0.007060787 0.006994911
0.006937469 0.007008978 0.007037838 0.007054015 0.007052466
0.007050731 0.006991884 0.006994376 0.006987282 0.007070451
0.007082355 0.00715357 0.007210163 0.007196957 0.00714802
0.007169518 0.007211946 0.007105086 0.007097532 0.007083564
0.007140429 0.007136285 0.007084526 0.006998122 0.006909917
0.006799557 0.006838872 0.00686337 0.006875495 0.006775629
0.006785515 0.006749081 0.006782129 0.006778405 0.0068089
0.006699371 0.006686488 0.00676599 0.006916721 0.006935012
0.007050439 0.007075369 0.007175037 0.007198313 0.007306461
0.007292998 0.007305207 0.007283826 0.007312075 0.007222391
0.007133051 0.007110363 0.007028137 0.007064283 0.007175604
0.007228407 0.007225268 0.007211954 0.007293473 0.007365103
0.007320649 0.007230395 0.007205049 0.007167939 0.007144783
0.007064671 0.007100804 0.007169489 0.007135719 0.007088242
0.007043571 0.007013059 0.006995228 0.006999124 0.00708005
0.007076307 0.007111884 0.007209071 0.007386387 0.007446462
0.007609965 0.007800512 0.007802478 0.007775032 0.00791201
0.007877442 0.007894977 0.007852024 0.007801467 0.007802695
0.007794262 0.007734587 0.007770251 0.007762906 0.007852626
0.00793832 0.008034784 0.008080713 0.008052331 0.007970555
0.007785316 0.007700886 0.007736069 0.007791501 0.007747258
0.007773787 0.007723842 0.00755973 0.007598054 0.007580072
0.007759631 0.007672087 0.007672506 0.00766178 0.007633283
0.007522282 0.007478527 0.007466297 0.007443395 0.007456684
0.00739312 0.007415901 0.007387012 0.007466982 0.007447166
0.007601645 0.007628752 0.007621013 0.007491243 0.007470433
0.007496112 0.007531635 0.007436491 0.007469883 0.007349253
0.007449626 0.007454531 0.007501688 0.00765989 0.007651081
0.007765235 0.007826079 0.007813 0.00781231 0.007754949
0.007892428 0.007858968 0.007842642 0.007768552 0.007698329
0.007724205 0.007712991 0.007760608 0.00780606 0.007777575
0.00779005 0.007708141 0.007761157 0.007684982 0.007576861
0.007549625 0.007538526 0.007523963 0.007581201 0.007568874
0.007531316 0.007595855 0.007655503 0.007707436 0.007788455
0.007840804 0.007925325 0.007842986 0.007881207 0.00793118
0.007863823 0.007772234 0.007686411 0.007677903 0.007715696
0.007779634 0.007813051 0.007760893 0.007700307 0.007713916
0.007678834 0.007535806 0.007409305 0.007423008 0.007361852
0.007347604 0.007473515 0.007566342 0.00750213 0.007381012
0.007370281 0.00744789 0.007470387 0.007549823 0.007500538
0.007504896 0.007475303 0.007409171 0.007275463 0.007292579
0.007345722 0.007291555 0.007293489 0.007446557 0.007448376
0.007430148 0.007411135 0.007523334 0.007559234 0.00754085
0.007481252 0.007560828 0.007649697 0.007727881 0.007763345
0.007871212 0.007893411 0.008025362 0.00804799 0.008095702
0.008022401 0.007985877 0.007897437 0.007856124 0.007869204
0.007871969 0.007808881 0.00782177 0.007709739 0.007674842
0.007767682 0.007787443 0.007758768 0.007763855 0.007683535
0.007629882 0.007659755 0.007512814 0.007522936 0.007677964
0.007773911 0.007776453 0.007786811 0.007767393 0.007872197
0.007937474 0.007807511 0.007822446 0.00786956 0.007868867
0.007843122 0.007891914 0.007968707 0.007939906 0.007959736
0.008090765 0.008046626 0.007927016 0.007956665 0.007986012
0.008068128 0.008090966 0.008253073 0.008452617 0.008509372
0.008456611 0.008378322 0.008195723 0.008247578 0.008220499
0.008023915 0.008042801 0.008050291 0.008072285 0.008116721
0.007988645 0.008034767 0.007981211 0.007933809 0.007911136
0.007823459 0.007884242 0.00784554 0.007880437 0.007947343
0.00798184 0.007924539 0.007898728 0.007960464 0.00804522
0.008066309 0.008069119 0.007960746 0.00789975 0.007859895
0.007816195 0.007915047 0.007827383 0.007661614 0.007598237
0.007573683 0.007584397 0.007623663 0.007688304 0.007751435
0.007612473 0.007578341 0.007678088 0.007795815 0.007774532
0.007682349 0.007628969 0.007756858 0.007856029 0.007878824
0.007838599 0.007874571 0.007716108 0.007599976 0.007633431
0.007568709 0.007562783 0.007657319 0.007624092 0.007634071
0.007728514 0.007734538 0.007772697 0.007667271 0.007619609
0.007625775 0.007577674 0.007655645 0.007807827 0.007816759
0.007733433 0.007609886 0.007661941 0.007553682 0.007486126
0.007512893 0.00749573 0.007467574 0.007500497 0.007379857
0.007307297 0.00724521 0.007243457 0.007263292 0.007389557
0.007437257 0.007406536 0.007387502 0.00735049 0.007168616
0.007086013 0.007068867 0.007031218 0.006915802 0.006909793
0.006969591 0.007066131 0.0071513 0.007234689 0.007312134
0.007392454 0.007337867 0.007379632 0.007501251 0.007523147
0.007480909 0.007489002 0.007511104 0.007487192 0.007487877
0.007383449 0.007367356 0.007451886 0.007460126 0.007430286
0.007375129 0.007266372 0.007176198 0.007225603 0.007213275
0.007186504 0.007106027 0.007153328 0.007140452 0.00704559
0.00707785 0.007062172 0.007053563 0.007081487 0.006946689
0.006894098 0.006882957 0.006907908 0.006941961 0.006985757
0.0070291 0.006903214 0.006863936 0.006748316 0.006616745
0.006636624 0.006685469 0.00670118 0.006750914 0.006806551
0.006873338 0.006938484 0.006965939 0.007010054 0.006990292
0.006866723 0.006871972 0.006966506 0.006960889 0.006953862
0.006935038 0.006933305 0.006917605 0.006903163 0.006906044
0.00682352 0.006779887 0.006777549 0.006814875 0.006895486
0.006883614 0.006956545 0.006915789 0.006894692 0.006902333
0.006928371 0.006871786 0.006979085 0.007054959 0.006953251
0.006911607 0.006992354 0.007089535 0.007088119 0.006963079
0.006813442 0.006810846 0.006768868 0.006763228 0.006832176
0.0069323 0.006929087 0.006943334 0.006913246 0.007008131
0.007013687 0.006974872 0.007056547 0.007046235 0.007113896
0.007219815 0.007289234 0.007215382 0.007135713 0.007200461
0.007299266 0.007394477 0.007502308 0.007611449 0.007608433
0.007757255 0.007735445 0.007761704 0.007838934 0.007840579
0.00769416 0.007681971 0.007633395 0.007615992 0.007621005
0.007688586 0.007701468 0.007639229 0.007607475 0.007591158
0.00753898 0.00752082 0.007529104 0.007494357 0.007445762
0.007343849 0.007320513 0.007237748 0.007303739 0.007227273
0.007186775 0.007118765 0.007013826 0.00708369 0.007030953
0.007026111 0.007034529 0.00697618 0.007078277 0.006999097
0.007002036 0.007035059 0.007091893 0.007023176 0.006961438
0.006969789 0.007047457 0.007038679 0.007022444 0.007117268
0.007121107 0.007085416 0.006982809 0.006951249 0.007064075
0.007055233 0.006991789 0.007113595 0.00712732 0.007151109
0.007180172 0.007162737 0.007219408 0.007211623 0.007215264
0.007286638 0.007323148 0.007308566 0.007271785 0.007267621
0.007294901 0.007280831 0.007384363 0.007288893 0.007303934
0.00732576 0.007310715 0.007415381 0.00737539 0.007456229
0.007562538 0.007702208 0.007749835 0.007709581 0.007661622
0.007666772 0.007809253 0.007820784 0.007672109 0.007637534
0.007602903 0.007587575 0.0074682 0.007454238 0.007434366
0.007492289 0.007468003 0.00735792 0.007373444 0.007388706
0.007574234 0.007701556 0.007720967 0.007708578 0.007775274
0.00770086 0.007679511 0.007598413 0.00753303 0.007479761
0.007392042 0.007314607 0.007231209 0.007184166 0.007132207
0.007063883 0.006993788 0.006969189 0.006968673 0.006991596
0.007144908 0.007196063 0.007168611 0.00715483 0.007066977
0.00703463 0.006974392 0.006969566 0.006943079 0.006890005
0.006771349 0.006751248 0.006723473 0.006698004 0.006763984
0.006826464 0.006808446 0.006786364 0.006894278 0.006928567
0.006948499 0.006912044 0.006831441 0.006749581 0.006767671
0.006715011 0.006614389 0.006614733 0.006742321 0.006659925
0.006706359 0.006712551 0.006826745 0.006893111 0.006969336
0.00695989 0.006878946 0.006744055 0.006717342 0.006601264
0.006635136 0.006641167 0.00662884 0.006688338 0.006693179
0.006633118 0.006617248 0.00667158 0.0066098 0.006631004
0.006641269 0.006698609 0.006730414 0.006634672 0.006627259
0.006621788 0.006607343 0.006656743 0.006639241 0.006501061
0.006513329 0.006521398 0.006412515 0.006427489 0.006485096
0.006395535 0.006357605 0.006372924 0.006395376 0.006492847
0.006591277 0.00664346 0.006756865 0.006725856 0.006760401
0.006796123 0.006807176 0.006858986 0.006855773 0.006895925
0.006969172 0.006865799 0.006796295 0.00673212 0.006703557
0.006626151 0.006556568 0.006482585 0.006437099 0.006420602
0.006370436 0.006283831 0.006336263 0.00636628 0.006476219
0.006470078 0.006434656 0.006399282 0.006340439 0.006252512
0.006246338 0.006290167 0.00634565 0.00636506 0.006371329
0.006396373 0.006351008 0.006362498 0.006435247 0.006442719
0.006447845 0.006454286 0.006508496 0.006438127 0.00648636
0.006548255 0.00660381 0.006640135 0.006675568 0.006678536
0.006721925 0.006731172 0.006734182 0.006725811 0.006808328
0.006808703 0.006784985 0.006796406 0.006737467 0.006697856
0.006693546 0.006770813 0.006798937 0.006687819 0.006619523
0.006574525 0.006646263 0.006586746 0.006639937 0.006659478
0.006672839 0.006633281 0.006525597 0.006523772 0.006551895
0.006544264 0.006543219 0.006524779 0.00649662 0.006379077
0.006288407 0.006258608 0.006191903 0.00612166 0.006114997
0.006146194 0.006181616 0.006124197 0.006156064 0.006172052
0.006106896 0.006078921 0.006088867 0.006193553 0.00627237
0.006320443 0.006399994 0.006357763 0.006297913 0.006260125
0.006227447 0.006232633 0.006244329 0.006201184 0.006198758
0.006249432 0.006194865 0.006164102 0.006168802 0.006165155
0.006157618 0.006133289 0.006130861 0.006230501 0.006289742
0.006329678 0.006312039 0.006291701 0.006308755 0.006236935
0.006269076 0.00628417 0.006239925 0.006213923 0.006173302
0.006127354 0.006141441 0.006085977 0.006049619 0.006105504
0.006068352 0.00612607 0.006132951 0.006073088 0.006003994
0.005958392 0.005976115 0.005944156 0.005962944 0.006035463
0.006012526 0.00601917 0.00601105 0.00603725 0.006038505
0.006008864 0.006040825 0.006066268 0.006064316 0.006052286
0.005978844 0.006025127 0.005966039 0.005954813 0.006031729
0.005976817 0.005954598 0.005849934 0.005861924 0.005813221
0.005811964 0.005868805 0.005868833 0.005763572 0.005784387
0.005744325 0.005689069 0.00568833 0.0057203 0.005732085
0.0057118 0.005702811 0.005693464 0.005701739 0.005718584
0.005780915 0.005867929 0.005833308 0.005866476 0.005834836
0.005804289 0.005766033 0.005792298 0.005766556 0.005782955
0.005851289 0.005883058 0.00592974 0.005935623 0.005975948
0.006091258 0.006069525 0.006023501 0.005998981 0.006048176
0.006095173 0.006167028 0.006286504 0.006378011 0.006248752
0.006240548 0.006224215 0.00621701 0.006106695 0.005994483
0.005961181 0.005974931 0.005888593 0.005861622 0.005875188
0.005875659 0.005840451 0.005787333 0.005728541 0.005750348
0.005731038 0.005702602 0.005687534 0.005706964 0.00577725
0.005753585 0.005814288 0.005703467 0.00562911 0.005582958
0.005581543 0.005549098 0.005495795 0.005534308 0.005566694
0.005531375 0.005602882 0.00558783 0.005608311 0.005550031
0.005432958 0.00546771 0.005470073 0.005400959 0.005438622
0.005465734 0.005506063 0.005526616 0.00543007 0.005506787
0.005465532 0.005433508 0.005437733 0.005450867 0.005430999
0.005448477 0.005507706 0.005481109 0.005457878 0.005409989
0.005358996 0.005312553 0.005229566 0.005202988 0.005266143
0.005303614 0.005287731 0.005263586 0.005192667 0.005265106
0.005201659 0.005178484 0.005211279 0.005261305 0.00528107
0.005341699 0.005337881 0.00535871 0.005396052 0.005422501
0.005524151 0.005527936 0.005498858 0.005578953 0.00563855
0.00561422 0.005681618 0.005609558 0.00559317 0.005615612
0.005594837 0.005619088 0.005639267 0.005626132 0.005542629
0.005517419 0.00552965 0.005512671 0.005537973 0.005585831
0.005555238 0.00564671 0.005614498 0.005693707 0.005714587
0.005710154 0.005731141 0.005820574 0.005760654 0.005672053
0.005808001 0.005798173 0.00574818 0.005736045 0.005740819
0.005712116 0.005651579 0.005676281 0.005690281 0.005712212
0.005773132 0.005789971 0.005678642 0.005611602 0.005693614
0.005735155 0.005669755 0.005636037 0.005599544 0.005590992
0.00564815 0.005659413 0.005673821 0.005735473 0.005680496
0.005686524 0.005685665 0.005656451 0.005752505 0.005729088
0.005693965 0.005666051 0.005658988 0.005576347 0.005584988
0.005531647 0.005541095 0.005583165 0.005506256 0.005473954
0.005522129 0.005567462 0.005704894 0.005858267 0.005818116
0.00579139 0.005716399 0.005688672 0.005662557 0.005624703
0.005699332 0.005745387 0.005745421 0.005747911 0.005691502
0.005657433 0.005576986 0.005535209 0.005516333 0.005575603
0.00562665 0.005599156 0.005571402 0.005500198 0.005425698
0.005425603 0.005344415 0.005316585 0.005333485 0.005406783
0.005471763 0.005506808 0.005512749 0.005539026 0.00551994
0.005504123 0.0054954 0.005504896 0.005449802 0.005469199
0.005499856 0.005511849 0.005504381 0.005523773 0.005508543
0.005452559 0.005451238 0.005428774 0.005385814 0.005470752
0.005447858 0.005455054 0.005475667 0.005431265 0.005370832
0.005270474 0.005282167 0.005314517 0.00534979 0.005339398
0.005394789 0.005480721 0.005389696 0.00542201 0.005526866
0.005584204 0.005476156 0.005450482 0.005417167 0.00545212
0.005499577 0.005545082 0.005579822 0.00554051 0.005515248
0.005450809 0.005348991 0.005321968 0.005307972 0.005344645
0.005392524 0.005438963 0.005454808 0.00548942 0.005557992
0.005531962 0.005558426 0.005614588 0.005542932 0.005562744
0.005556932 0.005596168 0.005597602 0.005624638 0.005614608
0.005500466 0.005493265 0.005512347 0.005598325 0.00566425
0.005655954 0.005560336 0.005550026 0.005465898 0.005459521
0.005513545 0.005533209 0.005490746 0.005499381 0.005537555
0.005538199 0.005538156 0.005509693 0.005466979 0.005489689
0.005471929 0.005428427 0.00538717 0.005401756 0.005514881
0.005555408 0.005562575 0.005635691 0.005625836 0.005622381
0.005575677 0.005604165 0.005561713 0.005588268 0.005573027
0.005583457 0.005531949 0.005541247 0.005545602 0.005589407
0.005627929 0.005701151 0.005684108 0.005720014 0.005702555
0.005766989 0.005898708 0.005830598 0.005769402 0.00575046
0.005707964 0.005739731 0.005825063 0.005843613 0.005984859
0.006070865 0.005977798 0.005904801 0.005990657 0.006079807
0.006011545 0.005980922 0.005893886 0.005815025 0.005851742
0.005856997 0.005921237 0.005974468 0.005962602 0.006005856
0.006018621 0.0059321 0.005963533 0.005961004 0.00596809
0.005924399 0.005977828 0.00599904 0.005973998 0.005915434
0.005856163 0.005921105 0.00596233 0.005981019 0.006006223
0.005962039 0.006019563 0.006070882 0.006120978 0.006124038
0.005990849 0.00599538 0.006012918 0.00599971 0.006069865
0.006162638 0.006230158 0.00609441 0.006018834 0.005943369
0.005869949 0.005888339 0.0058496 0.005779164 0.005737605
0.00572184 0.005746788 0.005710094 0.005640503 0.005596811
0.005591069 0.005553593 0.005474351 0.005490443 0.005503749
0.005547922 0.005636835 0.00564203 0.005563732 0.005624285
0.00568517 0.00572984 0.005810994 0.005724945 0.005701638
0.005846902 0.00574845 0.005718927 0.005776603 0.00585019
0.005914168 0.005875109 0.005869764 0.005903728 0.005896254
0.005832206 0.005875968 0.005892986 0.005811976 0.005758014
0.005813131 0.005829461 0.005779781 0.005802086 0.005779762
0.005916393 0.005972131 0.00594286 0.005956391 0.005967082
0.006078145 0.006029452 0.005929513 0.00589022 0.005974569
0.005917127 0.005826574 0.005817559 0.005773696 0.005843525
0.005800801 0.005803037 0.005855255 0.005877427 0.005860051
0.005884491 0.005927699 0.005845045 0.005903115 0.005940603
0.005899888 0.005866509 0.005842442 0.005912764 0.005910261
0.005894679 0.005950382 0.005983966 0.00591718 0.005883204
0.005730744 0.005735629 0.005673027 0.005629927 0.005542256
0.005463807 0.005482206 0.005489581 0.005406641 0.005385333
0.00536515 0.005338722 0.005307882 0.005269813 0.005333906
0.005348831 0.00533675 0.005454674 0.005527393 0.005573512
0.005588695 0.005596286 0.005591728 0.005626395 0.005597855
0.0056855 0.00568024 0.00574424 0.005767763 0.005801566
0.005804537 0.005838856 0.005899942 0.005898443 0.005938019
0.005983387 0.005953787 0.005984562 0.005963406 0.005946617
0.005936866 0.006027106 0.005987932 0.006023178 0.006040317
0.005978816 0.005904066 0.005982257 0.005981192 0.006052218
0.006069545 0.00611193 0.006126698 0.006155709 0.006141819
0.006202485 0.006164294 0.00614982 0.006182781 0.006255933
0.006250488 0.006302468 0.006392574 0.006356742 0.006322378
0.006248934 0.006172541 0.006146377 0.006065923 0.005982835
0.005969304 0.006075499 0.006139068 0.006155931 0.006197468
0.006305383 0.00620333 0.006172412 0.00626511 0.006398838
0.006464038 0.006452732 0.006436443 0.006438463 0.00645506
0.006510554 0.006544651 0.006552208 0.006531332 0.006586309
0.006545151 0.006524901 0.006567002 0.00646665 0.006534549
0.006703875 0.006661389 0.006792788 0.006892439 0.006934606
0.006828863 0.006905864 0.006958787 0.006967993 0.00696451
0.007010913 0.007042632 0.007092532 0.007073544 0.007098665
0.007149354 0.007204784 0.007168512 0.007246301 0.007240099
0.007196912 0.007260203 0.007163525 0.007104993 0.00706617
0.007023376 0.007030629 0.007097225 0.007041741 0.007150445
0.007177191 0.007164702 0.007122021 0.007154379 0.007136417
0.0071187 0.007099158 0.006994174 0.0070139 0.007060564
0.007204501 0.007253929 0.007333268 0.007282292 0.007391013
0.007512085 0.007569059 0.007554026 0.007569515 0.00761523
0.007557182 0.007436657 0.007455447 0.007435655 0.007461466
0.007429694 0.007305562 0.007352863 0.007277191 0.00721522
0.007292984 0.007361566 0.007443349 0.007330048 0.007379736
0.007239594 0.007139139 0.007212612 0.007256004 0.007128134
0.0071123 0.007000994 0.00694736 0.006932809 0.006996488
0.006966978 0.006923875 0.00700774 0.007033969 0.007090309
0.00706406 0.007034512 0.00707664 0.007100081 0.007125742
0.007202773 0.007024011 0.007079056 0.007068705 0.00712273
0.00707327 0.007042623 0.007158373 0.007141717 0.007203556
0.007185586 0.007138022 0.00710907 0.007149881 0.007012512
0.006966731 0.006867708 0.006991616 0.007039888 0.007090192
0.007145033 0.007195528 0.007157641 0.00708824 0.007069266
0.006941638 0.006935471 0.007100063 0.007066361 0.007024818
0.007086596 0.007178117 0.007232507 0.007228704 0.007109158
0.007010071 0.007061859 0.00712904 0.007022647 0.007014576
0.007006141 0.007056554 0.007051655 0.00701254 0.006987054
0.006955529 0.00699467 0.007101334 0.007140332 0.007148103
0.007087432 0.007152706 0.00721973 0.007090107 0.006986795
0.006837777 0.006770351 0.00681824 0.006945877 0.00688924
0.006899127 0.00699321 0.006947159 0.006913702 0.007038089
0.007044039 0.00703664 0.00707243 0.007120593 0.007112153
0.007120205 0.007114923 0.007112268 0.007174752 0.007297818
0.007290955 0.007234889 0.007271093 0.007285375 0.007284099
0.00723881 0.007344439 0.007160684 0.007162179 0.007098637
0.007060637 0.007124862 0.007124089 0.007167853 0.007179319
0.007149664 0.007152164 0.007114868 0.007164991 0.007264479
0.007207523 0.007158128 0.007133789 0.007261328 0.00726189
0.007332878 0.007319246 0.007409412 0.007529677 0.007455373
0.007295326 0.007304634 0.007267052 0.007305764 0.007333503
0.007378079 0.00743719 0.007425766 0.007367916 0.007328884
0.007309154 0.007426441 0.007474533 0.007516982 0.007591825
0.007482345 0.007427402 0.007491249 0.007470109 0.007448613
0.007494798 0.007578914 0.007520456 0.007561432 0.007498808
0.007592021 0.00754525 0.007555804 0.007503495 0.007370563
0.007387603 0.007368612 0.007388243 0.007350113 0.007214562
0.007163849 0.007161834 0.007187769 0.007182889 0.007282779
0.007356664 0.007369646 0.007361231 0.007381332 0.007381835
0.007449866 0.007456193 0.007470571 0.007466916 0.007337523
0.007428063 0.007448159 0.007505552 0.007480303 0.007374642
0.007316293 0.007345183 0.007376122 0.007430308 0.007493368
0.007456062 0.007536342 0.007627067 0.00777553 0.007845058
0.007902689 0.007938092 0.007849982 0.007748404 0.00775797
0.007824471 0.007831421 0.007799243 0.007830576 0.007760305
0.007652322 0.007577887 0.007466394 0.007404993 0.007416366
0.007378346 0.007474596 0.007420781 0.007468042 0.007427367
0.00735232 0.007278066 0.007236174 0.007312793 0.007324222
0.007299107 0.007347167 0.007417731 0.007373365 0.007412946
0.00735854 0.007337395 0.007226586 0.007206582 0.007198562
0.00717904 0.007145874 0.007292296 0.007311781 0.007338244
0.007323021 0.007293135 0.007352964 0.007332784 0.007361808
0.00738618 0.007413742 0.007427103 0.007470579 0.007404007
0.007461308 0.00747305 0.007535456 0.007469637 0.007500282
0.007471096 0.007443672 0.007485123 0.007459086 0.007578701
0.007580117 0.00742359 0.00737102 0.007388919 0.007460022
0.007584344 0.007552768 0.007551812 0.007496255 0.007491365
0.007387615 0.007338933 0.007416154 0.007387569 0.007498617
0.007502062 0.007619174 0.007714087 0.007695699 0.007779216
0.00779321 0.007785939 0.00781486 0.007762826 0.007805145
0.007822284 0.007847642 0.007812896 0.007814172 0.007849131
0.007858965 0.007825822 0.007762858 0.007707597 0.007666568
0.00765263 0.007720117 0.007727329 0.007756353 0.007768079
0.007775838 0.007837372 0.007845425 0.007857256 0.007717152
0.007796191 0.007693123 0.007678904 0.007603074 0.007484832
0.007410696 0.007398911 0.007445528 0.007363505 0.007401733
