0.006794231 0.006680847 0.006466792 0.006689428 0.006608793
0.006693905 0.006813974 0.00681353 0.0065612 0.006723303
0.006593444 0.00677429 0.006862139 0.00659296 0.006779525
0.006594059 0.006821008 0.006677064 0.006661155 0.006831182
0.006556717 0.006614815 0.006701997 0.006818089 0.006884008
0.006848925 0.006698114 0.00666273 0.006676815 0.006927173
0.006581399 0.007035386 0.006794842 0.006971443 0.006904856
0.007294514 0.00712416 0.007339605 0.007067323 0.006894307
0.007103544 0.006891793 0.006797931 0.006935492 0.006700692
0.006860061 0.006871204 0.00689234 0.006712159 0.006789858
0.006718012 0.006873453 0.007043641 0.006994042 0.007024327
0.007292251 0.006972467 0.007058422 0.007300792 0.007291492
0.007589781 0.007215895 0.007336806 0.007156809 0.007425288
0.007515612 0.007328454 0.007500837 0.007263742 0.00708108
0.007266836 0.007170093 0.00731271 0.007281348 0.007345081
0.007322932 0.007553658 0.007265819 0.00737753 0.007269144
0.007329284 0.007342521 0.007707118 0.007802017 0.007988749
0.007739446 0.007481633 0.007743495 0.00782516 0.007720275
0.007649017 0.007683225 0.007481517 0.007653977 0.007494468
0.007442442 0.007651604 0.007484783 0.007908907 0.007969164
0.007872045 0.007893419 0.007949548 0.007819205 0.007775131
0.007936727 0.007745957 0.00790053 0.007593182 0.007743331
0.007476638 0.007887186 0.007792924 0.007729085 0.007932999
0.007728453 0.007741714 0.008009829 0.00786115 0.008348151
0.008116524 0.008051322 0.008204789 0.007757106 0.007691033
0.007916875 0.007811097 0.008057404 0.007983604 0.008058765
0.008066637 0.00791163 0.008363309 0.008041521 0.007934407
0.007915885 0.00789956 0.007723516 0.007874936 0.007905067
0.007830114 0.008030577 0.007656654 0.007434884 0.007537687
0.00779579 0.007588315 0.007417959 0.007528931 0.007544374
0.007607686 0.007522169 0.00750904 0.007644426 0.007465266
0.007443909 0.007337843 0.007278125 0.007372569 0.007033815
0.007554345 0.007414993 0.007316351 0.007438075 0.007548473
0.007483599 0.007557711 0.0075288 0.007518168 0.007292624
0.007532866 0.007570261 0.00738531 0.007566448 0.007584018
0.007434559 0.007519852 0.007509637 0.00743307 0.00767897
0.007894311 0.00780546 0.007694714 0.007613553 0.007686288
0.007651608 0.007457593 0.007402673 0.007430853 0.007570203
0.00758786 0.007459795 0.007686542 0.007448541 0.0072985
0.007387856 0.007831297 0.007217524 0.007635281 0.007537506
0.007872481 0.007462737 0.007503393 0.00734143 0.007270349
0.007300597 0.00733148 0.007312315 0.007431753 0.007496891
0.007569385 0.007282108 0.007417999 0.007449118 0.007528032
0.007457359 0.007658399 0.007768732 0.007905617 0.008026708
0.007928406 0.007850318 0.008015163 0.007797019 0.007921157
0.007841811 0.007685437 0.007730692 0.007872091 0.007674595
0.007802666 0.007846247 0.007766613 0.007790682 0.007888368
0.007737768 0.007836363 0.007617045 0.007981354 0.007586065
0.007793904 0.007807949 0.00776031 0.008115304 0.00778491
0.007850516 0.007788664 0.007746482 0.007666656 0.007520279
0.00775739 0.007621061 0.007391671 0.007381418 0.007669556
0.007518179 0.007624574 0.007547205 0.007484947 0.007571765
0.00746086 0.007607895 0.007194144 0.006992663 0.007233992
0.006889356 0.007007315 0.006899804 0.007016272 0.007249405
0.007161906 0.007150105 0.007319524 0.00734525 0.00701673
0.007047502 0.007281892 0.007244521 0.007322678 0.007333566
0.007775777 0.007589181 0.007537416 0.007495201 0.007479756
0.007285396 0.007140859 0.007310325 0.007268307 0.007268742
0.007338323 0.007348509 0.007295334 0.007571324 0.00763092
0.007806904 0.007681889 0.007770297 0.007356104 0.00742011
0.007454015 0.007527263 0.007709456 0.007565795 0.007220722
0.007176086 0.006960477 0.00716403 0.007324979 0.007293288
0.007311695 0.007388239 0.007257467 0.007133144 0.007120911
0.007309937 0.006943685 0.006790282 0.00691014 0.00674559
0.006894289 0.006771091 0.006726449 0.006705386 0.00666735
0.006828718 0.007022533 0.006752757 0.006389317 0.006530478
0.006363175 0.006628588 0.006778369 0.006701954 0.006724549
0.00682854 0.006433688 0.006697348 0.006815762 0.006910152
0.006582404 0.006630409 0.006742447 0.006807813 0.006816694
0.006870584 0.006762732 0.006652434 0.006827011 0.006730206
0.006692483 0.006527729 0.006922927 0.006605938 0.006754777
0.006790612 0.007008293 0.007160318 0.006889311 0.006848651
0.006651865 0.007004992 0.007152884 0.007084544 0.007271879
0.006857367 0.007165272 0.007170897 0.00701429 0.007089089
0.007132365 0.00740411 0.007214867 0.007253678 0.006823451
0.007096278 0.006967278 0.007111764 0.006989629 0.006922902
0.007226048 0.007213758 0.007391413 0.007341462 0.007179279
0.007128137 0.007349788 0.007173611 0.007448346 0.007602597
0.007301696 0.007101975 0.007169038 0.007167527 0.006912019
0.006936583 0.007241086 0.007044684 0.007077581 0.007146875
0.00714656 0.007284892 0.007452669 0.00757057 0.007632247
0.00761654 0.007293473 0.007788828 0.007430384 0.007613376
0.007437346 0.007684428 0.007300611 0.00766373 0.007304567
0.007577139 0.007364109 0.00753602 0.007514151 0.007595934
0.007187465 0.007225392 0.007383559 0.007489589 0.007719894
0.007422497 0.007365663 0.00742491 0.007569506 0.007613794
0.007857031 0.007330224 0.007644428 0.007562141 0.007531902
0.007488974 0.007535103 0.007448964 0.007449985 0.007713632
0.007507598 0.007453565 0.007557367 0.007526497 0.007686124
0.007882262 0.007400719 0.007928546 0.007656686 0.007491521
0.007828163 0.007693748 0.007526295 0.007597831 0.007483461
0.007639054 0.007437611 0.007522642 0.007381633 0.007439786
0.007506559 0.007605088 0.007533382 0.007645889 0.007580313
0.007341913 0.007308621 0.007343209 0.00752122 0.007799229
0.007760455 0.007737568 0.00795764 0.007855551 0.008062489
0.007916462 0.007984259 0.008059304 0.008050411 0.007566476
0.008022945 0.008031101 0.007900017 0.008040966 0.008003208
0.008025412 0.008183211 0.00812645 0.008073434 0.007819989
0.008008297 0.00785556 0.008411874 0.00819412 0.008299249
0.008154781 0.008109214 0.00807907 0.008182637 0.008128746
0.007848683 0.008146114 0.007903873 0.008093792 0.00806586
0.007928455 0.008020269 0.008011886 0.008061314 0.007799861
0.007906653 0.007751512 0.007503057 0.007820049 0.007421201
0.007707087 0.007565274 0.007564805 0.007761554 0.007678609
0.008042189 0.00798133 0.007784585 0.007544812 0.007599916
0.007643318 0.007803477 0.007623714 0.007726411 0.00772008
0.007523951 0.007694611 0.007634852 0.007748942 0.007744522
0.007973828 0.007803314 0.007776749 0.007986974 0.008183363
0.008099875 0.008176603 0.007691275 0.008055994 0.007958701
0.007828816 0.00793501 0.008194443 0.00804481 0.008156125
0.008118494 0.00790064 0.008007967 0.008301663 0.007996723
0.008207624 0.00811977 0.007994522 0.008364197 0.008154269
0.008190836 0.008305774 0.008073378 0.008201903 0.007934507
0.008026517 0.008146607 0.008011659 0.007972615 0.008037804
0.007880733 0.007988276 0.007707721 0.007544868 0.007545108
0.007355561 0.007897387 0.008060263 0.007955046 0.00779849
0.00809543 0.00789332 0.008052709 0.007895753 0.008026718
0.008015935 0.008011525 0.00800339 0.007830412 0.008035926
0.007730729 0.008015632 0.007892642 0.007610154 0.007985866
0.008017422 0.008017422 0.007888007 0.007752682 0.007623708
0.007947264 0.007578651 0.007738295 0.007706355 0.007737447
0.007655482 0.007688445 0.007504643 0.007358114 0.007307513
0.007358977 0.007352892 0.00715896 0.007579176 0.007352022
0.007155871 0.006908218 0.007355158 0.007277386 0.007034991
0.007293366 0.006957134 0.007262089 0.006932516 0.00711308
0.007138693 0.007233896 0.007272166 0.006962423 0.007161897
0.007151311 0.007545197 0.007011048 0.00703817 0.006968252
0.006992113 0.007006764 0.007565917 0.007302107 0.007365148
0.007421769 0.00711582 0.007288112 0.007323544 0.00744305
0.006979387 0.007098638 0.006900907 0.007011292 0.007253212
0.007388064 0.007115889 0.007120377 0.007292924 0.007215438
0.007181777 0.0069997 0.007102969 0.007116867 0.007408696
0.00726974 0.007307343 0.007558327 0.007113737 0.007506198
0.007297388 0.007438258 0.007276108 0.006983274 0.007195957
0.007211944 0.007284183 0.006913093 0.006835346 0.007023622
0.006837132 0.006933285 0.006947969 0.007256204 0.006911243
0.007255098 0.007064599 0.007185383 0.006899187 0.00702974
0.006856173 0.007281441 0.007135618 0.006932538 0.007173482
0.00722202 0.007142004 0.007234824 0.007084424 0.006950737
0.007166053 0.007421874 0.007198846 0.007190327 0.006958961
0.00698547 0.006790743 0.007188825 0.007211571 0.007243758
0.00708083 0.007326036 0.007128538 0.007217857 0.006873735
0.007028903 0.006896186 0.007391533 0.007241451 0.007090712
0.007040142 0.007163561 0.00710986 0.007313627 0.007185158
0.007381842 0.007144326 0.007100913 0.007169989 0.007335929
0.006969965 0.006830891 0.007057734 0.007091745 0.007118927
0.007258867 0.007102889 0.007110875 0.007105993 0.007044044
0.007130503 0.007164229 0.007179009 0.00713248 0.007141307
0.007179771 0.007250832 0.007396312 0.007367072 0.007318404
0.007559181 0.007160986 0.007417925 0.007082448 0.006621049
0.007101415 0.006925129 0.006953775 0.007015045 0.00707718
0.006911466 0.006809005 0.007236793 0.007133394 0.007190726
0.00714063 0.007032932 0.00702284 0.006710982 0.007096165
0.00710618 0.007077016 0.007263503 0.007271979 0.007386359
0.007136854 0.007397886 0.007200826 0.007169146 0.00715983
0.007010715 0.007029128 0.00702322 0.006879676 0.006813245
0.007058044 0.006580831 0.006836176 0.006928286 0.006648313
0.006776733 0.006527837 0.006762217 0.006755512 0.006794286
0.006610197 0.00661437 0.006833496 0.006917356 0.007082465
0.00709772 0.007019161 0.007252693 0.007101781 0.007362686
0.007431275 0.007582711 0.007388621 0.007386346 0.007186545
0.007082147 0.007254789 0.006847925 0.007102234 0.00706793
0.0073993 0.007034057 0.007327223 0.00717926 0.007492685
0.007360344 0.007463234 0.007142354 0.007087451 0.006946342
0.007013117 0.006929412 0.007274879 0.007255501 0.00696463
0.007061136 0.006854295 0.006914763 0.006986403 0.007302376
0.006911569 0.007121093 0.007213984 0.00758117 0.007262814
0.007401988 0.007858523 0.007799139 0.007967483 0.007692274
0.007702644 0.008058874 0.007690827 0.007768454 0.007702361
0.007811748 0.007600742 0.008014442 0.007971467 0.007841032
0.007829493 0.008222764 0.007766303 0.008295956 0.007941675
0.007929594 0.007537003 0.007890007 0.007786396 0.007745446
0.007628812 0.007675212 0.007569109 0.007513389 0.007735638
0.007670239 0.007711068 0.007674805 0.007723905 0.00786425
0.00747629 0.007611258 0.007632588 0.007426277 0.007403625
0.007220114 0.007438282 0.007630973 0.007288924 0.007578485
0.007310815 0.007528316 0.007679396 0.007548713 0.00749618
0.007478893 0.00778755 0.007449444 0.007386912 0.007210923
0.007645139 0.007782726 0.00768047 0.007649135 0.007631562
0.007748323 0.007753073 0.007958009 0.007708356 0.007729894
0.008005885 0.007699844 0.008038099 0.007778409 0.007766343
0.007670858 0.007814844 0.007756956 0.007540485 0.007796956
0.007862834 0.007488701 0.0075532 0.007610829 0.007511031
0.007419986 0.007507946 0.007517509 0.007489358 0.007565065
0.007550473 0.007516018 0.007906288 0.007654861 0.007878211
0.007649009 0.007810953 0.00780546 0.007895222 0.00798297
0.007627409 0.007686075 0.007998749 0.007398234 0.007615425
0.007693606 0.007783077 0.007766758 0.007559752 0.007619879
0.00801274 0.007314388 0.00732542 0.007177054 0.007292138
0.007436321 0.007554933 0.007715247 0.007322052 0.007363997
0.007470648 0.007307124 0.007559775 0.007405079 0.007685077
0.007470667 0.007539341 0.007336077 0.007453792 0.007212347
0.007448134 0.007240293 0.007258884 0.007473255 0.007532496
0.007268006 0.007620979 0.00753143 0.007545781 0.007401868
0.007506474 0.007442088 0.007975391 0.007638165 0.007640184
0.007675892 0.007972259 0.00799677 0.008137402 0.008248947
0.008026001 0.007535379 0.007936006 0.008008514 0.007667457
0.007726342 0.007653577 0.007620169 0.007725394 0.007579908
0.007977748 0.007750069 0.007719597 0.007989316 0.007847436
0.007499767 0.007594506 0.007478412 0.007106179 0.007836906
0.007914439 0.0076091 0.00792458 0.00809598 0.00770224
0.008011379 0.007601905 0.007863583 0.007723513 0.007689247
0.007874614 0.007916574 0.008010509 0.007975308 0.007967216
0.008185697 0.008008098 0.007937103 0.00803941 0.007755162
0.008155546 0.00812658 0.008302902 0.008326442 0.008280013
0.008463676 0.008378974 0.008415157 0.008310109 0.008145029
0.008038648 0.007935371 0.008196831 0.008044327 0.007763695
0.007804727 0.007917525 0.008029356 0.00786193 0.007846918
0.007920259 0.008055941 0.007833672 0.007765267 0.007808581
0.008021319 0.007984291 0.007773189 0.00787981 0.008014801
0.008065232 0.007648451 0.007918757 0.00784892 0.008130782
0.00760284 0.007901084 0.007805 0.007773542 0.007515844
0.007485699 0.007569506 0.007725698 0.007509287 0.007801627
0.00774254 0.007445346 0.007519386 0.008122821 0.007785866
0.007919801 0.007765644 0.007680017 0.008016995 0.007603737
0.00775998 0.007903055 0.007776995 0.007670378 0.007604552
0.007684064 0.007476361 0.007717859 0.007369223 0.007684884
0.007841075 0.007707806 0.007705426 0.007712631 0.007653284
0.007663379 0.007388591 0.007604514 0.007778088 0.007612183
0.0076649 0.007556506 0.007609113 0.00757288 0.007362947
0.007565829 0.007425784 0.007410094 0.007473915 0.007392234
0.0072106 0.007099982 0.007130534 0.007221861 0.007266824
0.007283324 0.007496628 0.007443246 0.007520436 0.007200531
0.007047342 0.00720082 0.007143069 0.007075207 0.006947128
0.007144857 0.007209784 0.006950855 0.007147748 0.007184307
0.007184275 0.007313572 0.00762529 0.007347867 0.008053008
0.007410359 0.007884164 0.007413399 0.007256645 0.007646484
0.007052077 0.007479404 0.00747333 0.007540214 0.007490644
0.007340162 0.007262209 0.007004889 0.007415202 0.007341152
0.007071588 0.00710362 0.007197083 0.006985511 0.006966623
0.007075485 0.007127605 0.007040001 0.006986827 0.007088893
0.007026313 0.006963041 0.007011399 0.006810219 0.006988939
0.007042329 0.006847478 0.006744848 0.006715723 0.006294055
0.006815118 0.006695978 0.006678462 0.006742143 0.006722267
0.006815095 0.007060945 0.006900368 0.006973909 0.007022834
0.006999579 0.006983569 0.007212134 0.006950332 0.007032261
0.006917397 0.006957847 0.00693023 0.006942966 0.00713479
0.00669189 0.006643021 0.006851916 0.007074211 0.007029551
0.006933786 0.006960617 0.007148303 0.006943797 0.006943278
0.007011768 0.006673288 0.007021665 0.007173081 0.00688259
0.006883052 0.00669997 0.007349118 0.007184611 0.007054406
0.006803972 0.006869338 0.006680327 0.006908886 0.006821585
0.007062418 0.006956476 0.006859454 0.007136111 0.007094528
0.007084692 0.007055226 0.00704109 0.00696913 0.007150723
0.007137798 0.007261056 0.007163225 0.007174309 0.007251784
0.007152834 0.007290968 0.007449363 0.007601582 0.007403121
0.007836687 0.007723186 0.007645018 0.007592377 0.007826904
0.00788157 0.007664254 0.007749773 0.007624478 0.00771861
0.007864758 0.007576828 0.007512211 0.007728879 0.007908208
0.007651676 0.007447208 0.007470291 0.007432022 0.007590048
0.007321384 0.007241763 0.007226935 0.007413315 0.007154753
0.006989746 0.007070606 0.006874714 0.007112588 0.007069029
0.007003677 0.006907929 0.007153271 0.00716177 0.006922876
0.007077162 0.006858962 0.007091396 0.007130333 0.006887712
0.0068608 0.007198295 0.006955465 0.00723995 0.007128862
0.007126039 0.007058386 0.006705559 0.007079692 0.007216269
0.006906804 0.007094997 0.006966849 0.0069491 0.007149982
0.007306596 0.007068655 0.007144712 0.007390325 0.007150185
0.00711647 0.007349708 0.007402158 0.007317755 0.007204844
0.007489045 0.007022631 0.007366368 0.00706907 0.007109412
0.007473754 0.007326663 0.007524082 0.007317615 0.007611341
0.007569315 0.00754836 0.007932284 0.007846074 0.007745561
0.007663384 0.007720979 0.007945081 0.00792628 0.00771896
0.007639336 0.007395859 0.007268103 0.007529078 0.007336604
0.007209228 0.007391478 0.00724035 0.007400846 0.007166088
0.007326746 0.007707475 0.007643532 0.007715156 0.007939752
0.007787576 0.007771647 0.00762163 0.007605458 0.007450762
0.007272988 0.007247918 0.0072433 0.007180802 0.00716586
0.006961367 0.007024772 0.006975373 0.006687766 0.006994008
0.007051306 0.007098466 0.007137039 0.007078918 0.006792807
0.006935928 0.006821101 0.007023892 0.007118431 0.007016362
0.006844214 0.006750655 0.006642696 0.006572354 0.006515746
0.006883628 0.006909965 0.006710255 0.006761317 0.006912645
0.007066277 0.006906168 0.006838074 0.006653188 0.006875831
0.006495979 0.006565305 0.006660602 0.006545742 0.006559518
0.006552502 0.006743034 0.006864894 0.006930424 0.006963705
0.00703544 0.007079044 0.006509913 0.006781335 0.006581002
0.006808912 0.006760605 0.006579278 0.006531308 0.00651972
0.006608361 0.006469517 0.006535874 0.006663003 0.006606033
0.006646535 0.006654077 0.006873001 0.006440427 0.00641293
0.006602565 0.006593851 0.006624083 0.006616183 0.006415146
0.006520262 0.006607471 0.006556245 0.006309495 0.006511637
0.006440335 0.006550484 0.006285042 0.006340972 0.006415421
0.006538551 0.006765823 0.006742017 0.006809706 0.006785105
0.006662313 0.006788695 0.007173477 0.006580485 0.006744747
0.007027766 0.006854611 0.006715334 0.006598309 0.00680956
0.006564654 0.006206104 0.006566539 0.006276026 0.006384775
0.006232882 0.006346578 0.006311236 0.006359369 0.006500636
0.006475594 0.006399594 0.006370153 0.006505937 0.00638979
0.00613275 0.006045446 0.00637349 0.006300949 0.00633963
0.006539712 0.006444736 0.006410177 0.006316502 0.006156914
0.006554673 0.006226982 0.006609675 0.006558901 0.006620304
0.006523039 0.006646155 0.006520388 0.006531117 0.006561762
0.006668248 0.006702036 0.006668509 0.006770554 0.007045352
0.006696958 0.006834181 0.006826353 0.006977086 0.006689201
0.006741966 0.006815561 0.00692197 0.006444234 0.006478415
0.006493537 0.006627548 0.006524047 0.006710357 0.006609243
0.006720779 0.006612812 0.006525802 0.006372034 0.006716248
0.006721539 0.006535175 0.006561149 0.006388887 0.006311431
0.006250588 0.006267214 0.006084598 0.006206668 0.005912458
0.006128147 0.006266945 0.006137258 0.006418933 0.006134029
0.006287305 0.00610055 0.006054195 0.005995457 0.006293801
0.006303139 0.006611321 0.006401627 0.00645438 0.006377855
0.006266453 0.00618628 0.006342326 0.006252764 0.00616724
0.006376592 0.006211101 0.006119129 0.006197502 0.00623828
0.006158885 0.006137637 0.006041827 0.005900257 0.006215977
0.006273162 0.006446189 0.006400032 0.006188784 0.006250846
0.006270108 0.006338659 0.006286152 0.006263089 0.006238029
0.00606325 0.006160652 0.006249005 0.005921458 0.006270285
0.006083992 0.006064701 0.00628826 0.006148936 0.005930656
0.005963984 0.006074017 0.006029299 0.006057606 0.006311235
0.005890585 0.006026142 0.006148979 0.00618503 0.006010659
0.005771176 0.006072274 0.005850231 0.005858138 0.005973637
0.005995999 0.005998353 0.005934369 0.005888603 0.006043439
0.006093956 0.006082697 0.005861125 0.006022387 0.005816075
0.005618405 0.005989814 0.005743965 0.00567185 0.005876026
0.005633106 0.005620924 0.005750045 0.005879309 0.005723936
0.005801055 0.005642931 0.005803648 0.005832807 0.00566574
0.005809667 0.005849545 0.005882188 0.005858163 0.006022343
0.005745639 0.005726061 0.005733661 0.005710593 0.005558752
0.005793863 0.005975167 0.005923672 0.006053935 0.005867709
0.006065345 0.005917874 0.006149434 0.005974674 0.006097695
0.006387812 0.006015744 0.006361117 0.006381416 0.006202544
0.006254745 0.006242925 0.006143233 0.006140172 0.005951443
0.005958816 0.005812704 0.005822 0.00588918 0.00587619
0.005856743 0.005754173 0.005971506 0.005686159 0.005713527
0.005750553 0.005464427 0.005546905 0.005736995 0.005650507
0.005762204 0.005826015 0.005663826 0.005584305 0.005530603
0.005657155 0.005484749 0.005428166 0.005356183 0.005412466
0.005545749 0.005413201 0.005601784 0.005415328 0.005424495
0.005411418 0.005401157 0.00543273 0.005468906 0.005593504
0.005591854 0.005508773 0.005564296 0.005314109 0.005503761
0.005356776 0.00544679 0.005425413 0.005438967 0.005236315
0.005468936 0.005554824 0.005535158 0.005537928 0.00549532
0.005323036 0.005281794 0.005307389 0.005182429 0.005206892
0.005361532 0.005366452 0.005301848 0.004947195 0.00533686
0.005121867 0.005094972 0.005159529 0.005418591 0.005227206
0.005258301 0.005500276 0.005347036 0.005503172 0.005289532
0.005502816 0.005624625 0.005457056 0.005538162 0.005675849
0.005539224 0.005626026 0.005597021 0.005580017 0.00550985
0.005616117 0.005541777 0.005614591 0.005591862 0.005379655
0.005401098 0.005576094 0.005728878 0.005585529 0.005595863
0.005548397 0.005847749 0.005522136 0.005753391 0.005587369
0.005751866 0.005925335 0.005717283 0.005765837 0.005613449
0.005642535 0.005910987 0.00575137 0.005559905 0.005682286
0.005528996 0.00553576 0.005651548 0.005471771 0.005725682
0.005701766 0.005701605 0.005906906 0.00565243 0.005690488
0.005673177 0.005770728 0.005774201 0.005643572 0.00565703
0.005588155 0.005738594 0.005791988 0.005605777 0.005705238
0.005616788 0.005779725 0.005797939 0.005831043 0.005805513
0.005839528 0.005565262 0.005879465 0.005666483 0.005628009
0.00556355 0.005409949 0.005330457 0.005463645 0.005475878
0.005547537 0.005585249 0.005602264 0.005884328 0.005762656
0.005859319 0.00589771 0.005820434 0.005543181 0.005556421
0.005749371 0.005661665 0.005747229 0.005883112 0.005750109
0.005748353 0.005571531 0.005647876 0.005418723 0.005439082
0.005705002 0.005668027 0.005687846 0.005397227 0.005396903
0.005524222 0.00564022 0.005366722 0.005441405 0.005321877
0.00563031 0.00553177 0.005338668 0.005588251 0.005531128
0.005475337 0.005444801 0.005347082 0.00559118 0.005488915
0.00548293 0.005481383 0.005492602 0.005369951 0.00542699
0.005501564 0.005347414 0.005674003 0.005415908 0.005495282
0.00544671 0.005321121 0.005426726 0.005272321 0.005418176
0.005284058 0.005459877 0.005345471 0.005346025 0.005329756
0.005283683 0.005653078 0.005260152 0.005369331 0.005448446
0.005548442 0.005514251 0.005364707 0.005505474 0.00539518
0.005576668 0.005538394 0.005629791 0.005585698 0.005441906
0.005655321 0.005387455 0.005277223 0.005273357 0.005091
0.005383946 0.005512305 0.005326827 0.005356059 0.005628894
0.005683607 0.005720601 0.005657434 0.005452226 0.005680098
0.005542179 0.005469651 0.005549333 0.005764526 0.005502201
0.005646382 0.005387153 0.005414386 0.005680313 0.005581866
0.005728039 0.005561358 0.005652466 0.005477009 0.005496996
0.005525269 0.005704288 0.00543499 0.005599332 0.005552304
0.005516775 0.005528453 0.005514945 0.005532453 0.005507379
0.005376676 0.005430277 0.00531541 0.005425268 0.00526893
0.005557165 0.005571665 0.005472151 0.005785721 0.005549215
0.00542602 0.005652987 0.005705071 0.005581189 0.005508062
0.005647659 0.005457932 0.005465613 0.005594097 0.005607414
0.00565099 0.005673121 0.005605976 0.005740722 0.00580195
0.005725855 0.005828553 0.005705085 0.005724883 0.005841377
0.005790646 0.005812055 0.005908327 0.005860405 0.005890266
0.006080689 0.006153208 0.005882082 0.006003398 0.0061
0.00622212 0.006078214 0.006008858 0.005765807 0.00567954
0.005731479 0.006026825 0.005905406 0.006078879 0.005934256
0.006198909 0.006116916 0.006043694 0.005829923 0.005839794
0.005877373 0.005888491 0.005918203 0.005916418 0.006237387
0.005863007 0.005885669 0.006046108 0.006100336 0.006112926
0.006014825 0.006058957 0.005966042 0.006149708 0.006371707
0.005943088 0.006056576 0.005974747 0.00597249 0.00608378
0.006063628 0.006229469 0.006180985 0.005874117 0.005794146
0.005818123 0.006032648 0.005879323 0.005885295 0.00565563
0.005900871 0.005797991 0.005611389 0.005629367 0.005642656
0.005534832 0.005663591 0.005462269 0.005445741 0.005498125
0.005644874 0.005666424 0.005516915 0.005535058 0.005830145
0.00565757 0.005692854 0.005897382 0.005862939 0.005513803
0.005805576 0.00582993 0.005679438 0.005828913 0.005794491
0.00593735 0.005936272 0.00591629 0.005816291 0.005822206
0.005716465 0.00595262 0.005828782 0.005959124 0.006014463
0.005657829 0.005828933 0.00600137 0.005729374 0.005720805
0.005949234 0.006069488 0.005808991 0.005925887 0.005945713
0.005973852 0.005963978 0.005963922 0.005846762 0.005854015
0.005993571 0.005972123 0.005930359 0.005859108 0.005873846
0.005905064 0.00587791 0.005913546 0.0057337 0.005857862
0.005935685 0.00587339 0.005968685 0.005676253 0.005931735
0.005954551 0.00593139 0.006021171 0.00601684 0.00566861
0.005763074 0.005858268 0.005940679 0.006151938 0.005872885
0.00580888 0.005669272 0.005614504 0.005768383 0.005598595
0.005612516 0.005389873 0.005332264 0.005578587 0.00547073
0.005344039 0.005359008 0.005322882 0.005264772 0.005500901
0.005545872 0.005429149 0.005413158 0.005409056 0.00572239
0.005472993 0.00573843 0.005548551 0.005504238 0.005682712
0.00564049 0.005716416 0.005698907 0.005889543 0.005820617
0.005623788 0.005919499 0.005939694 0.005712881 0.005955951
0.006062959 0.005935433 0.00614455 0.005869522 0.005847408
0.006038612 0.006057126 0.00607289 0.006162744 0.006138577
0.00598234 0.005841084 0.005891878 0.005843157 0.005971238
0.006127924 0.006045765 0.006257242 0.006166935 0.006144253
0.00611924 0.006226401 0.006076109 0.006354974 0.006423231
0.006212738 0.006365039 0.006417957 0.006399543 0.006242828
0.006421151 0.006033928 0.006319679 0.006134946 0.005919527
0.006023312 0.006100272 0.006170121 0.006175171 0.006076703
0.006363673 0.006134197 0.006312299 0.006266492 0.006429031
0.006368936 0.00648743 0.006399157 0.006783882 0.006337714
0.006516462 0.006368355 0.006691436 0.006463317 0.006663517
0.006563746 0.006415938 0.006531519 0.006516949 0.006447022
0.006815596 0.006668329 0.006576841 0.007063523 0.006955527
0.006870015 0.006633487 0.006845521 0.006764591 0.006980929
0.007004889 0.007093102 0.00709679 0.007073561 0.007029921
0.007237513 0.007403478 0.007431588 0.00715944 0.007244917
0.007144355 0.007002935 0.007263737 0.007132687 0.007143704
0.007130302 0.007075554 0.00710774 0.007020605 0.007200738
0.007143632 0.007168607 0.007090846 0.007240798 0.007306789
0.006972337 0.007509611 0.007066913 0.006912976 0.006835175
0.007051647 0.007282669 0.007469971 0.007428709 0.007442749
0.007687426 0.007421948 0.007771472 0.007615182 0.007648908
0.007538819 0.007086604 0.007509961 0.007494372 0.007402634
0.007413927 0.007215417 0.00753252 0.007323651 0.007143553
0.007234039 0.007270881 0.00749921 0.007362147 0.007198156
0.007448721 0.007048998 0.007222562 0.007372879 0.007459648
0.006906646 0.00700632 0.007139783 0.006840772 0.007023114
0.006977204 0.006919118 0.006912022 0.007066601 0.006976561
0.007005911 0.00707344 0.007292061 0.007254604 0.006936076
0.007118097 0.006870017 0.007002081 0.007132025 0.007155353
0.007192085 0.007199606 0.00710515 0.007259809 0.007304548
0.006928045 0.007014546 0.007298806 0.00706277 0.007017602
0.007179322 0.006637556 0.006924336 0.007150168 0.007140231
0.007027346 0.00704043 0.007164884 0.00695156 0.007246948
0.006956698 0.006716881 0.00724121 0.007059409 0.006908689
0.00707387 0.007248993 0.007261993 0.007249431 0.007088471
0.00700826 0.00716225 0.007097336 0.007281291 0.007014834
0.006847339 0.007111015 0.007203279 0.007096969 0.00692406
0.006867956 0.006728674 0.007035813 0.006994684 0.007110389
0.007078001 0.006983335 0.006726132 0.007153201 0.006975048
0.006698496 0.006767239 0.006642477 0.007236856 0.007084847
0.007071103 0.006738999 0.006937518 0.007040902 0.006950937
0.007022434 0.007252332 0.006988781 0.007095714 0.007032148
0.007106487 0.007169968 0.007175146 0.007127622 0.007298628
0.007234262 0.007249161 0.007198102 0.007279362 0.007541305
0.007522599 0.007307856 0.007334278 0.007232627 0.007151554
0.007000551 0.006994082 0.007020003 0.007276673 0.007251126
0.007255694 0.006984925 0.007137481 0.007182275 0.00716314
0.006956646 0.007041696 0.007074071 0.007319513 0.007226046
0.007282294 0.007128749 0.007350398 0.007745749 0.00749387
0.007349319 0.007152559 0.007035725 0.007179906 0.007455383
0.007364123 0.007392596 0.007423392 0.007280486 0.007409578
0.007337814 0.007686401 0.007564653 0.007500484 0.007676742
0.007461532 0.007620358 0.007194516 0.007253438 0.007431767
0.007413323 0.00772553 0.007441953 0.007523501 0.007070037
0.00751024 0.007563228 0.007151543 0.007677766 0.007387449
0.007382534 0.007082247 0.007454472 0.007410837 0.00728284
0.007258824 0.007264316 0.007263389 0.007137435 0.00732822
0.007550128 0.007058899 0.007205946 0.007584084 0.0075664
0.007585153 0.007623994 0.007555503 0.007461608 0.007204697
0.007185315 0.007439401 0.007401803 0.00717583 0.007466123
0.007349187 0.007460087 0.007405975 0.007312868 0.0075464
0.007414896 0.007405739 0.007748224 0.007703478 0.007778057
0.007866347 0.007899997 0.00800662 0.007782718 0.007534538
0.0080697 0.007785276 0.0078018 0.007910969 0.007737893
0.007746109 0.007515519 0.007651366 0.007363464 0.007274957
0.007253564 0.007421244 0.007619483 0.007405265 0.007318173
0.007636908 0.007412221 0.0071963 0.007159212 0.007305608
0.007162132 0.00742946 0.007381715 0.007598881 0.007573984
0.007512434 0.007287904 0.007189232 0.007175367 0.00725793
0.007180994 0.007263513 0.007526606 0.007444807 0.007313778
0.007190675 0.007364521 0.007416943 0.007212855 0.007356629
0.007392221 0.007452112 0.007442106 0.007357107 0.007296745
0.007521273 0.007398511 0.00746356 0.007513949 0.007493163
0.00749818 0.007635957 0.007472877 0.007447019 0.00768617
0.007703124 0.007538489 0.007343866 0.007247634 0.007190803
0.007534531 0.007506129 0.007522715 0.007306046 0.007626948
0.007287709 0.007436597 0.007511545 0.007575684 0.007526556
0.007579358 0.007753748 0.00775338 0.007830189 0.007672235
0.007518142 0.007512854 0.007904927 0.007697066 0.008046335
0.008018342 0.008145952 0.007964374 0.007832213 0.00766691
0.0078568 0.007725022 0.007837709 0.007605617 0.007708454
0.007516786 0.007600243 0.007661148 0.008054386 0.007880295
0.007780439 0.007719391 0.007791257 0.007632777 0.007790864
0.007741703 0.007396063 0.007661059 0.007460427 0.007346989
0.00758923 0.007305404 0.007365198 0.007282458 0.007417822
