0.006833088 0.006746667 0.006572895 0.006469248 0.00652516
0.006749512 0.006853712 0.007407079 0.006366968 0.00652001
0.006997719 0.006521197 0.006715166 0.006628439 0.006953925
0.006543856 0.007224474 0.006667846 0.0068315 0.006868411
0.006431271 0.006450635 0.006925343 0.006619372 0.006574155
0.006817762 0.007152781 0.006642052 0.006990478 0.007175021
0.006526535 0.007104803 0.006833269 0.006982658 0.007040575
0.007830362 0.007277705 0.007032074 0.006737337 0.007008904
0.006869795 0.006992961 0.006957505 0.006987138 0.006742471
0.007030074 0.006949879 0.006808209 0.007189171 0.006443978
0.006757612 0.006660343 0.006964423 0.007423777 0.007378202
0.007218108 0.006489918 0.007446671 0.007449216 0.00755352
0.007748039 0.007425375 0.007270707 0.007192248 0.007248982
0.007615323 0.007631911 0.007835209 0.007209615 0.007678995
0.006854079 0.007045164 0.007347382 0.007151425 0.007619656
0.007707412 0.007558806 0.007121772 0.007830297 0.007282653
0.007529342 0.007204465 0.007551618 0.007602169 0.007527043
0.007610893 0.007252333 0.007835687 0.007745914 0.007654858
0.007457191 0.007560232 0.007482203 0.007780661 0.007850374
0.006992372 0.007545366 0.00731632 0.007677053 0.007863975
0.007697804 0.007364636 0.007974415 0.007523715 0.00767677
0.00770798 0.008029989 0.008097698 0.00762059 0.007772882
0.006890326 0.007658285 0.007405252 0.008020802 0.008424255
0.007552594 0.007473197 0.008067702 0.008267287 0.007818362
0.008130592 0.008453291 0.008337939 0.007647102 0.007992995
0.007987327 0.007766983 0.008392798 0.008328583 0.007747778
0.008056261 0.008371168 0.008397471 0.00816241 0.008680375
0.007535737 0.008145024 0.007339957 0.00708235 0.007668942
0.00751323 0.008261321 0.007438642 0.007662094 0.007975182
0.00804929 0.00748327 0.007537102 0.007550639 0.007417176
0.007637993 0.007786344 0.007185025 0.007533102 0.007503699
0.007910108 0.007012499 0.007411718 0.007622246 0.00674909
0.00752341 0.007784641 0.0072159 0.007698878 0.007356456
0.007848589 0.007788525 0.007563894 0.007302036 0.007252083
0.00728836 0.007427618 0.007483758 0.007713171 0.00740355
0.007176734 0.007954257 0.007480133 0.007386345 0.008079251
0.008276404 0.007454846 0.007675565 0.007505169 0.00771548
0.007762285 0.007256383 0.00719115 0.007632115 0.007144564
0.007796491 0.007855078 0.007944153 0.007175569 0.007625956
0.007200503 0.007814524 0.00708395 0.00714498 0.007849872
0.007479088 0.007255184 0.007424132 0.007076095 0.007532682
0.007209452 0.007183163 0.007581989 0.007067232 0.007622008
0.007319919 0.007163553 0.00820485 0.007362719 0.00727326
0.00766908 0.007752225 0.007827686 0.007979901 0.008058224
0.00779535 0.007951436 0.007616139 0.007839503 0.007522414
0.007399552 0.007676363 0.007482766 0.007811558 0.007874727
0.007418659 0.007551482 0.007685389 0.007896108 0.008299052
0.008030841 0.007810531 0.007744294 0.007568602 0.007304492
0.007680842 0.00755024 0.007515329 0.007921693 0.008058404
0.00780265 0.007216777 0.007856742 0.008054839 0.007362071
0.008112313 0.007433964 0.007239351 0.00703409 0.007846723
0.007048433 0.007748362 0.007639807 0.007719917 0.007659761
0.007423214 0.0073524 0.007448322 0.007065063 0.007037494
0.00723724 0.006623974 0.006850103 0.006661208 0.007325417
0.007576429 0.00683174 0.007221104 0.007553539 0.006864626
0.007477224 0.007666355 0.006927485 0.006997082 0.007640085
0.008608011 0.007813733 0.007119446 0.007409802 0.007784176
0.0074347 0.006587212 0.007318708 0.007144369 0.006891232
0.007095919 0.007279148 0.007233116 0.007920892 0.00794964
0.007750297 0.008207831 0.007678297 0.007480265 0.007050572
0.007370387 0.00752841 0.007760717 0.007856459 0.007092142
0.006900941 0.00671133 0.007177884 0.007352497 0.007347138
0.007325722 0.007192992 0.007673656 0.006557987 0.007393072
0.007190287 0.00674909 0.006924302 0.006718365 0.006797556
0.006884773 0.006287183 0.006653774 0.006411812 0.006381425
0.007072013 0.006464121 0.00670891 0.006149954 0.006315684
0.006361019 0.006626126 0.006856517 0.006536019 0.006874626
0.006793649 0.006241393 0.006569352 0.00725368 0.006891626
0.006634431 0.006680445 0.006836978 0.006656017 0.006849722
0.007521797 0.006510493 0.006344766 0.006773836 0.007043169
0.006619299 0.006789676 0.006737961 0.006268228 0.006425832
0.00701887 0.007311213 0.006969559 0.007619331 0.006918452
0.0071777 0.007031432 0.007255026 0.007083959 0.007615754
0.00711549 0.007344187 0.007764911 0.006862882 0.007336399
0.007307985 0.007468312 0.00701676 0.007031001 0.007052856
0.007386853 0.007261875 0.007501886 0.00714398 0.00702889
0.007550897 0.007456743 0.007410651 0.007356522 0.007273495
0.006880631 0.007038724 0.007027211 0.007681412 0.007745167
0.007713506 0.006895318 0.00718594 0.007463635 0.006702915
0.006703011 0.006830006 0.007376357 0.007279293 0.006864771
0.007055615 0.007491624 0.007151624 0.007667828 0.007561785
0.007403538 0.007060918 0.007680585 0.00705449 0.007286233
0.007429005 0.007795853 0.007248164 0.007741731 0.00727813
0.007889491 0.007369614 0.00801011 0.007684465 0.007927617
0.006734228 0.007730863 0.007801737 0.0073395 0.007216643
0.007493524 0.007371096 0.007433328 0.007711926 0.007202044
0.008064724 0.00733888 0.007334712 0.007851672 0.007132037
0.007844787 0.008038095 0.00693597 0.007749533 0.00758748
0.007713651 0.007113975 0.007631666 0.00742735 0.007489123
0.008341244 0.00708193 0.007946504 0.00782358 0.007316544
0.007956066 0.008053629 0.007540446 0.008015742 0.007360757
0.007586616 0.007410385 0.007662407 0.007189531 0.007171151
0.007678807 0.007734422 0.007892658 0.007500362 0.007220487
0.007367741 0.007437535 0.00740559 0.007187806 0.007815472
0.007578636 0.00814779 0.008388039 0.00789267 0.008181018
0.007633547 0.008216829 0.008222637 0.008161609 0.007368576
0.007759161 0.00822275 0.008107782 0.008021919 0.008130702
0.008213292 0.007719912 0.00764753 0.008205662 0.008004317
0.00767959 0.007471742 0.00845164 0.008578357 0.007721111
0.008363571 0.00813418 0.008138281 0.007699411 0.007475702
0.008169108 0.008043865 0.007916318 0.008263691 0.007820441
0.007042966 0.007602536 0.007874277 0.007707071 0.007671854
0.007623498 0.008020178 0.007538761 0.007544597 0.007492806
0.007518778 0.007150384 0.007800789 0.00786358 0.0080054
0.00867222 0.007673201 0.008223559 0.007108818 0.007910523
0.007761066 0.007198967 0.007645165 0.008321237 0.007908059
0.007215052 0.007517641 0.007630898 0.007394947 0.007886847
0.008426109 0.008328124 0.007520678 0.007948464 0.008311879
0.007551182 0.008536016 0.007897843 0.008292564 0.008359359
0.007611171 0.007678276 0.008318982 0.008080879 0.007915114
0.007541169 0.007842664 0.007748507 0.008265549 0.007701406
0.008127568 0.00815366 0.007571578 0.008243017 0.008136748
0.007548547 0.00821331 0.007480076 0.008073547 0.007648343
0.008428109 0.00797338 0.008521207 0.007985059 0.008159788
0.008428972 0.008132314 0.008133577 0.007139301 0.007656606
0.007622648 0.00781677 0.008487149 0.007762994 0.007423489
0.008301418 0.00823761 0.008045467 0.008507986 0.008147156
0.008170355 0.008095779 0.007987973 0.00793127 0.007694078
0.007721171 0.00754705 0.008042117 0.007406304 0.007919588
0.008309048 0.008258346 0.007552389 0.007965625 0.007204907
0.008162272 0.007733006 0.007649046 0.007494232 0.007826982
0.008227849 0.007792964 0.007444571 0.007713472 0.007789708
0.007705721 0.007520267 0.007414324 0.007680925 0.007264702
0.007293873 0.006924419 0.007341913 0.007635812 0.007320041
0.006712867 0.007131516 0.007028191 0.007185455 0.007094797
0.007239949 0.007315818 0.007199267 0.006525157 0.006767438
0.007312748 0.007224776 0.006718085 0.006666133 0.006497485
0.007328197 0.006636985 0.007914188 0.00737767 0.007203137
0.007511031 0.007353138 0.007375919 0.007569966 0.00722685
0.007297635 0.00681052 0.007197317 0.007111261 0.007257296
0.007499079 0.007178779 0.007153856 0.007861679 0.006761377
0.006722501 0.007086657 0.006948653 0.007399365 0.007315221
0.007331194 0.007345137 0.007490902 0.007285136 0.007834867
0.007450405 0.007649299 0.007552979 0.006935946 0.007354729
0.008060018 0.007121151 0.006564051 0.007187712 0.007005198
0.00676217 0.007010467 0.006963193 0.006812432 0.00675604
0.006917349 0.00715107 0.007481552 0.007409368 0.007014496
0.007199554 0.007024922 0.007570669 0.007168122 0.006842376
0.007422579 0.007234219 0.00714016 0.00759784 0.006988676
0.00690707 0.007550574 0.007091317 0.007414863 0.007034853
0.006522151 0.007090535 0.00716678 0.006721158 0.007141314
0.007201605 0.007166406 0.007682881 0.007250087 0.006924473
0.00677148 0.006957508 0.007348494 0.00744212 0.006805791
0.007008225 0.007337692 0.007006832 0.0076174 0.007136701
0.0071209 0.0070006 0.006770976 0.007440583 0.007185035
0.006565979 0.006715564 0.007060662 0.006853416 0.00699895
0.007688971 0.007067765 0.007042555 0.007126369 0.006706315
0.00728062 0.00711149 0.007191036 0.007041086 0.006845802
0.007289061 0.007328827 0.007566355 0.007406633 0.007740473
0.006966607 0.006994352 0.007406234 0.007278702 0.006554739
0.006558883 0.006428898 0.006966413 0.007009161 0.007280933
0.006751269 0.006626123 0.007099102 0.007077987 0.007343151
0.007066611 0.006968718 0.006625296 0.007000571 0.006927734
0.006878555 0.007289045 0.007319193 0.007017809 0.007330706
0.007100179 0.007576025 0.007373403 0.007549189 0.007334529
0.00724058 0.006784874 0.007140562 0.006847071 0.00632995
0.007307223 0.006572229 0.006825625 0.007072978 0.007365114
0.006966171 0.006369409 0.006767879 0.006924286 0.006504592
0.006935319 0.006326686 0.006525414 0.006730995 0.007082834
0.006902666 0.006879559 0.00728498 0.007000333 0.007791539
0.007033267 0.007541571 0.007163316 0.007023243 0.007373311
0.006828998 0.007251966 0.007239219 0.006904967 0.007241282
0.00728201 0.007184286 0.006900901 0.007198541 0.006912511
0.007182873 0.007224464 0.006708995 0.007443617 0.007332004
0.007241432 0.006938416 0.007379041 0.007438377 0.006574163
0.007025936 0.006700318 0.006922516 0.007244672 0.006943222
0.006559325 0.007048471 0.007167245 0.007282835 0.007107692
0.007324297 0.007452396 0.008281497 0.007608649 0.008026474
0.008128161 0.007985094 0.007979176 0.0082858 0.0075816
0.007577647 0.008081459 0.007831281 0.008037507 0.007666546
0.008090686 0.008588261 0.007507671 0.008405931 0.007829137
0.007451622 0.007719822 0.008358707 0.008308601 0.00781513
0.00735369 0.00760722 0.007342429 0.007196881 0.007928719
0.007440357 0.008047453 0.007961083 0.007835129 0.008291296
0.007346175 0.007909348 0.007624709 0.007141101 0.007431173
0.007110898 0.007488706 0.007882373 0.006996677 0.007458161
0.00718248 0.00739184 0.008180719 0.00724025 0.007688949
0.008015846 0.007734298 0.007471506 0.007593714 0.006908271
0.007655163 0.007466688 0.007630951 0.007571634 0.007941141
0.007991805 0.008026716 0.008033109 0.007393326 0.008056907
0.008287781 0.007746711 0.007974747 0.007732647 0.007364672
0.007967498 0.008732393 0.007651868 0.007661105 0.007981658
0.007918769 0.007381816 0.007193212 0.007427688 0.007717193
0.006884438 0.007811832 0.007521916 0.007300467 0.006597912
0.007172591 0.008114731 0.008155508 0.008536119 0.007723553
0.008178697 0.007519053 0.007955205 0.007701449 0.007881598
0.007909391 0.007643441 0.007734343 0.007400487 0.007445011
0.007936514 0.007645958 0.007933129 0.007490028 0.007800195
0.007721051 0.007600507 0.006676101 0.007295946 0.007553961
0.007112838 0.007720665 0.007975792 0.007368992 0.00773622
0.007131608 0.007082896 0.007482646 0.007641816 0.007882339
0.007362348 0.00765757 0.007187112 0.007219082 0.006913784
0.00725779 0.007071412 0.007882233 0.007338535 0.007474017
0.00724592 0.007688925 0.007482393 0.007247055 0.007264825
0.007246615 0.007276679 0.008145195 0.007826384 0.007789271
0.007900121 0.00793367 0.008352856 0.007834498 0.00780206
0.007727955 0.007431585 0.008290016 0.008351026 0.007760266
0.007570616 0.007960868 0.007907463 0.008219957 0.007674659
0.007403802 0.008085315 0.007862256 0.007800387 0.007646726
0.007197162 0.007402691 0.007456326 0.007354396 0.007980503
0.008227966 0.007235505 0.007793584 0.007680472 0.00782358
0.007713596 0.007878878 0.00810331 0.007475586 0.007546256
0.007887573 0.007741774 0.008207059 0.008293833 0.007303379
0.008205392 0.008249231 0.008149966 0.008063355 0.007446901
0.008168545 0.008303661 0.008262945 0.008350622 0.008517808
0.008539303 0.008184477 0.008451302 0.007573304 0.007751426
0.007403355 0.008546281 0.007736996 0.008147749 0.007998052
0.007579404 0.007838615 0.007449849 0.00796498 0.007689331
0.008437884 0.007895898 0.007737769 0.008158438 0.008033458
0.008422597 0.008119836 0.00809083 0.00793472 0.007711733
0.008409019 0.007790967 0.008206264 0.007401977 0.007820149
0.007458841 0.007794527 0.008104619 0.00780703 0.007178526
0.007305193 0.007904973 0.00810921 0.007308804 0.007551642
0.007849909 0.007368232 0.007469599 0.007984029 0.007762333
0.007863388 0.007553255 0.007452696 0.008453547 0.007593831
0.007232837 0.007249262 0.0079414 0.007735436 0.007795203
0.007645909 0.007361683 0.008077404 0.007640325 0.007759463
0.007455978 0.007619633 0.007610895 0.007573471 0.007877471
0.007808962 0.007075301 0.007160219 0.007515892 0.007155659
0.00791131 0.00789859 0.007973603 0.007667635 0.006964881
0.007199151 0.006774434 0.007547452 0.007698881 0.007358324
0.007963958 0.007084775 0.007504828 0.00700823 0.007211291
0.007128178 0.007372774 0.007399412 0.007652579 0.007411283
0.007264014 0.006830189 0.007016092 0.00676076 0.007493965
0.007400743 0.007111423 0.006161672 0.00767056 0.007245405
0.00726798 0.007668533 0.008091566 0.007498687 0.007974213
0.007073984 0.007644025 0.007646735 0.00731299 0.008063351
0.0069183 0.007544136 0.007960267 0.007480721 0.007768508
0.007579917 0.007251329 0.006724809 0.00737647 0.007159729
0.006767868 0.006924302 0.006688201 0.006951498 0.006974681
0.006864086 0.007355658 0.007341781 0.007173767 0.007154547
0.006708213 0.007123928 0.007469401 0.006550523 0.00698645
0.0065622 0.006932357 0.006693745 0.006813031 0.006383074
0.006506719 0.006673173 0.006377059 0.007207958 0.006803183
0.006783103 0.006803244 0.006740226 0.006666547 0.006949511
0.007337746 0.00657518 0.006895493 0.006772635 0.007334169
0.006816609 0.006963191 0.006795069 0.006941579 0.007200007
0.006570037 0.006700382 0.007178131 0.007383383 0.007200638
0.007055824 0.007219003 0.007495126 0.00696246 0.007255775
0.006863419 0.006741493 0.007314297 0.006781688 0.007236302
0.007168499 0.006737976 0.006792213 0.006906267 0.006514465
0.005998283 0.006954834 0.006901472 0.006882065 0.006870731
0.007131103 0.006931396 0.006889634 0.006771217 0.007267283
0.006634375 0.007067737 0.006791749 0.006714623 0.006914675
0.00741653 0.007394885 0.007191298 0.007090872 0.007354355
0.007265842 0.00726067 0.007473323 0.007507152 0.007236203
0.007619959 0.007719033 0.007679885 0.007277292 0.008128816
0.007945607 0.007870248 0.007825051 0.007328412 0.008201186
0.007639643 0.007576725 0.006733997 0.007904946 0.007559182
0.007549503 0.007252557 0.007552424 0.007545942 0.007553099
0.00709159 0.006836437 0.007637393 0.00706611 0.007381767
0.006712488 0.0070029 0.006930527 0.007273323 0.007424648
0.006529359 0.006975676 0.00728187 0.007052922 0.006705448
0.007112133 0.006686711 0.006522893 0.007416725 0.007028418
0.006526276 0.006954959 0.007155583 0.007399119 0.006693693
0.007310225 0.007500609 0.007089914 0.007248556 0.007192402
0.007468319 0.006866713 0.00721247 0.006985796 0.007356238
0.006874194 0.006816691 0.007588307 0.006670784 0.007278557
0.007110778 0.007436036 0.007186788 0.00712046 0.007718367
0.007724645 0.007162954 0.007714202 0.006758929 0.007228393
0.007730309 0.007047438 0.007406739 0.007293193 0.007560237
0.007428687 0.006884438 0.007955447 0.007867424 0.007739413
0.007753488 0.008077545 0.007771588 0.007351705 0.007611131
0.007787149 0.007494638 0.00696791 0.007367582 0.00710282
0.006886778 0.007135864 0.007047199 0.007428833 0.007309418
0.007457309 0.007646147 0.007595625 0.007822075 0.007998434
0.007956844 0.008127661 0.00769652 0.006583182 0.00730109
0.007119299 0.007178167 0.007248337 0.007420686 0.007502429
0.007125345 0.007230306 0.006995304 0.006586315 0.006779236
0.007004422 0.007221056 0.007107066 0.006786627 0.006764619
0.006572365 0.006495184 0.007104105 0.007593408 0.00654138
0.006482065 0.006601672 0.00644461 0.00645543 0.006808583
0.00704521 0.006664026 0.006586668 0.006490535 0.007256353
0.007050926 0.007005064 0.007178613 0.006849613 0.006803369
0.006439646 0.006709792 0.006412991 0.006906232 0.006856155
0.005999503 0.006626874 0.007145679 0.006585117 0.007177202
0.006499534 0.007297596 0.006274804 0.007125944 0.006693823
0.006985476 0.006946776 0.006568527 0.006332322 0.00641738
0.006895349 0.0064799 0.006768626 0.006560729 0.006386746
0.006660932 0.006559755 0.006548823 0.006260023 0.006357047
0.006127353 0.00601709 0.006581819 0.006854977 0.005994688
0.006324757 0.006362824 0.006696214 0.005910898 0.006382784
0.006267865 0.006214441 0.006146631 0.006342314 0.00672332
0.00672588 0.006798345 0.006596103 0.006898866 0.007031964
0.00669291 0.006825414 0.006735335 0.007242987 0.007025575
0.006986831 0.006781435 0.006666093 0.006474884 0.00629219
0.006933709 0.006239341 0.006608268 0.006546627 0.006579375
0.00586909 0.006336782 0.006309138 0.006237673 0.006535931
0.006637149 0.006502136 0.006204637 0.006807854 0.006317815
0.005924399 0.00592175 0.006165666 0.006184422 0.006463905
0.006492937 0.006079304 0.006401803 0.00626604 0.0066174
0.006615671 0.006711325 0.006615043 0.006511572 0.006776689
0.006600775 0.007017921 0.006392746 0.006475426 0.006437047
0.007234458 0.00670107 0.006710057 0.006569041 0.006806464
0.006163014 0.007294851 0.006260996 0.006927394 0.006610502
0.00692767 0.006303296 0.006831965 0.006465651 0.006545071
0.006369409 0.006615226 0.006521831 0.006425287 0.006463145
0.006690069 0.006968809 0.006750029 0.006242099 0.006906648
0.006827335 0.006355562 0.00661709 0.006240278 0.006603283
0.006274302 0.006234861 0.00609416 0.006018779 0.005898211
0.006405858 0.006288404 0.005665025 0.006756841 0.006297112
0.006426433 0.006076866 0.005974526 0.006240619 0.006914366
0.005785862 0.006793737 0.006561569 0.006514621 0.006576684
0.006029792 0.006274656 0.006032521 0.00599946 0.006290939
0.00621356 0.00642453 0.006138656 0.006149795 0.00639008
0.006440998 0.006226259 0.006555025 0.005765331 0.005966782
0.006121494 0.006305709 0.006638618 0.006662791 0.00630881
0.006208803 0.006152314 0.006335233 0.006130512 0.006302157
0.005944245 0.005743225 0.006210006 0.006090211 0.006412177
0.006081592 0.006241008 0.006416412 0.006468274 0.005914907
0.005908589 0.006207347 0.006264639 0.006356125 0.006580874
0.00561873 0.006129046 0.006041992 0.006310766 0.005714014
0.005580733 0.005770149 0.006035198 0.005933401 0.005754398
0.006382238 0.005703481 0.00605691 0.00591734 0.005865718
0.005959837 0.006023829 0.006132648 0.00577262 0.005882415
0.00581129 0.005922288 0.005289993 0.005698156 0.006133524
0.005595421 0.005831773 0.005906283 0.005998329 0.005449477
0.005595681 0.005122397 0.005840379 0.005629769 0.005963832
0.005553691 0.005793034 0.005612707 0.005953235 0.006110378
0.005505088 0.005979664 0.005659692 0.006076616 0.005578483
0.005699598 0.006198258 0.005747352 0.005814067 0.005740003
0.005910257 0.006049005 0.00649714 0.005916078 0.006211773
0.006766466 0.005792855 0.006345174 0.006596208 0.006311611
0.006271912 0.00638096 0.005910588 0.00632253 0.005910743
0.005949363 0.005732483 0.005237979 0.00602183 0.005866441
0.005632633 0.005813596 0.006059422 0.005376927 0.005374695
0.005789459 0.005779421 0.005566034 0.005836914 0.005478265
0.006038878 0.005702751 0.005812401 0.005496344 0.005423639
0.005456634 0.005398864 0.005223857 0.005314057 0.005316558
0.005726912 0.005575267 0.00578655 0.005295586 0.005318446
0.005472254 0.005208195 0.005509821 0.005338039 0.005439157
0.005172734 0.005857143 0.00551665 0.005411912 0.005618851
0.005138202 0.005368709 0.005069425 0.005500722 0.005393954
0.005499658 0.00512411 0.005012938 0.005757492 0.005406665
0.005470507 0.00535554 0.005567662 0.005371771 0.005303393
0.005270535 0.005631135 0.005166205 0.004989823 0.005255787
0.005008792 0.005176201 0.005013026 0.005569686 0.005113457
0.005259207 0.005684263 0.00538597 0.005537355 0.00522445
0.005275418 0.005560525 0.005370667 0.005631951 0.00535247
0.005862791 0.005851316 0.005576882 0.005566526 0.00549588
0.005435741 0.005428119 0.005790849 0.005584156 0.005196851
0.005271551 0.005752644 0.005558697 0.005620302 0.00567734
0.00542579 0.005509358 0.00554729 0.005341372 0.006176769
0.005702546 0.00597889 0.00546567 0.005816459 0.005160777
0.005640477 0.005358106 0.005499328 0.005272435 0.005999707
0.005417492 0.005488987 0.005710775 0.005461704 0.005641941
0.006174978 0.00572708 0.005463584 0.005581925 0.006124675
0.005297933 0.006042822 0.005523008 0.005566742 0.00538135
0.005493325 0.005689802 0.005805703 0.005828222 0.005627419
0.005677052 0.005951751 0.006086593 0.005422933 0.005444812
0.006064681 0.005684915 0.00595071 0.00586806 0.005560826
0.005733763 0.005355156 0.005472777 0.005203484 0.005395484
0.005533408 0.005597333 0.005293681 0.006015716 0.006013451
0.0055443 0.005739562 0.005805437 0.005263629 0.005704911
0.005758 0.006205266 0.005701668 0.005941452 0.005548941
0.005553344 0.005809579 0.0054144 0.005602652 0.004903616
0.005857371 0.00580838 0.006017848 0.005339608 0.005105695
0.005283244 0.005930155 0.005533936 0.005312931 0.005135614
0.005748925 0.005452988 0.005171295 0.005606504 0.005869059
0.005359344 0.005600598 0.005517292 0.005635485 0.005687319
0.005228083 0.005710351 0.005776735 0.005476801 0.005238307
0.005432786 0.005424878 0.005568778 0.005287453 0.0054915
0.005378555 0.005601333 0.005125825 0.005263559 0.005431892
0.005066144 0.005094563 0.005357697 0.00558915 0.005189284
0.005169841 0.006080367 0.005484389 0.005333441 0.005659342
0.005517715 0.005401617 0.005263778 0.005564205 0.005430146
0.005670321 0.005537655 0.005372171 0.005563382 0.005569702
0.005639452 0.005653658 0.005122581 0.005222355 0.004947806
0.005818481 0.005611032 0.005397402 0.005686631 0.005459186
0.005937631 0.006053859 0.005856349 0.005541682 0.005584008
0.005523767 0.005645146 0.005716904 0.00575667 0.005595927
0.005533859 0.005955173 0.005351651 0.005596204 0.005387089
0.005576422 0.005524872 0.005650235 0.005334803 0.00540076
0.005592548 0.005202635 0.005227183 0.005712074 0.005519042
0.005324525 0.005765923 0.005524516 0.005397368 0.005641379
0.005359742 0.005250093 0.005397596 0.005330702 0.005258486
0.005399213 0.005467415 0.005567839 0.005895437 0.005866666
0.005388346 0.005604821 0.005767802 0.005372523 0.005361701
0.005842283 0.005742304 0.005284866 0.005544841 0.005493912
0.0057286 0.005481419 0.005380277 0.005610787 0.005819553
0.005733009 0.005878123 0.005500859 0.005381345 0.005771059
0.005127786 0.005798168 0.006261269 0.006326973 0.005745825
0.005833262 0.006537933 0.006201421 0.006336167 0.006538313
0.006204399 0.006078997 0.006347461 0.005765547 0.006021942
0.006046417 0.005999649 0.005698215 0.005846432 0.006093917
0.006158234 0.006101614 0.006054829 0.006081511 0.005793245
0.006052401 0.005843676 0.006431022 0.005756303 0.006076323
0.005903581 0.006065899 0.006157781 0.00597163 0.006116775
0.006042688 0.006004546 0.005632028 0.006279923 0.006194387
0.006282746 0.005985489 0.005801871 0.005521454 0.005957533
0.006148284 0.006606146 0.006440631 0.005390577 0.005702215
0.005525815 0.005986768 0.005792273 0.005660645 0.005603106
0.005866942 0.00555997 0.005837259 0.005857756 0.005923359
0.005387625 0.006170796 0.005097463 0.005396653 0.00551155
0.005409492 0.005625802 0.00518191 0.005546505 0.005612727
0.005849052 0.0061394 0.006064583 0.006136279 0.005193824
0.005527169 0.005593813 0.005948064 0.005604394 0.005861341
0.005906358 0.005913343 0.005607662 0.005882331 0.005888182
0.005717901 0.005576047 0.005110431 0.005815887 0.006438203
0.0056384 0.005903004 0.00582203 0.005356642 0.006160101
0.006189895 0.005916572 0.005369936 0.005858825 0.005957981
0.005806959 0.005962884 0.005945587 0.005854533 0.005856432
0.006045877 0.005820732 0.005896157 0.005822022 0.006145877
0.005880392 0.006006643 0.005879539 0.005863301 0.005892695
0.006174871 0.006030395 0.005730217 0.005506429 0.00597035
0.006456584 0.006087249 0.005957712 0.006291132 0.006212951
0.005724349 0.006290274 0.005667021 0.005746611 0.005808681
0.006127411 0.005097848 0.005381034 0.006292644 0.00587112
0.005635538 0.005594811 0.005077022 0.005716549 0.005441219
0.005214122 0.005260373 0.00506052 0.00518057 0.00567447
0.005197987 0.005344644 0.005306498 0.005541594 0.005738947
0.005459894 0.005710409 0.005686372 0.005224637 0.005454968
0.005816979 0.005682907 0.00584345 0.005981576 0.005938158
0.005662101 0.005661806 0.006346104 0.005863757 0.005733978
0.006049102 0.005851066 0.006050751 0.005722545 0.005968328
0.005881661 0.00567656 0.006026523 0.005917413 0.005994614
0.005914494 0.005858413 0.005737916 0.005845175 0.006086093
0.006122816 0.005886862 0.006519391 0.006204765 0.006458629
0.006065291 0.005981334 0.006268161 0.006291337 0.006380499
0.005977284 0.00668375 0.006283767 0.006097917 0.006522456
0.006225316 0.006339936 0.005971936 0.006344069 0.005922722
0.005965932 0.006008941 0.005916757 0.006136358 0.00564756
0.006472593 0.006266455 0.006559776 0.00644268 0.006466416
0.006464835 0.006531745 0.006507656 0.006690579 0.006091712
0.006804885 0.006581772 0.007142126 0.006311527 0.006617815
0.006343434 0.006469365 0.006387735 0.006519099 0.006110346
0.006808039 0.006506208 0.00688214 0.006831304 0.007136933
0.006706485 0.00679768 0.006640257 0.006656794 0.006619369
0.006529974 0.006910921 0.007854206 0.006902634 0.007140107
0.006857021 0.007557352 0.006829654 0.007228129 0.007266367
0.00691679 0.0069959 0.007472958 0.007333955 0.006500513
0.007029314 0.006782324 0.007006299 0.006888907 0.007316788
0.00702218 0.006931289 0.006602422 0.00730293 0.007373068
0.007028088 0.0076251 0.007151803 0.006807765 0.00715625
0.006649127 0.007656636 0.007469111 0.007405933 0.007854745
0.007556984 0.007630711 0.007865787 0.007504549 0.007812572
0.007024065 0.007110685 0.006988936 0.006835574 0.007707037
0.007493212 0.007285909 0.007672577 0.006802646 0.007548392
0.00758412 0.007448455 0.007080498 0.007072222 0.007248896
0.007050277 0.007152189 0.00723967 0.007226885 0.007463334
0.00672288 0.007421084 0.007259896 0.006749951 0.007115162
0.007169103 0.007006973 0.00702161 0.006769288 0.006845438
0.007186631 0.006912664 0.007306238 0.007268301 0.007024335
0.007254216 0.00728898 0.007180094 0.007302118 0.00727126
0.007231317 0.00714258 0.007005203 0.007355219 0.007246148
0.00676891 0.006242665 0.007710633 0.007032021 0.007373427
0.00707737 0.006258485 0.006502346 0.006762156 0.006815991
0.006841837 0.007226243 0.007233282 0.006962254 0.006784592
0.007327746 0.00648901 0.007437691 0.00720789 0.006671304
0.007173329 0.007463391 0.008191795 0.007385382 0.007035894
0.006974007 0.006924786 0.007337554 0.007123305 0.006932509
0.00656741 0.007034718 0.007010042 0.007197147 0.006924513
0.006506383 0.006884259 0.007199029 0.007100504 0.006844493
0.007098663 0.007287499 0.006641271 0.007180015 0.006846881
0.007026839 0.006512282 0.006882839 0.007073676 0.007441107
0.007199588 0.006508017 0.006860588 0.007191147 0.006732687
0.006823299 0.007384629 0.007152017 0.007141985 0.007036453
0.007173421 0.006965262 0.007564618 0.007138905 0.007160105
0.007093057 0.006932338 0.006673871 0.007155538 0.007306796
0.007492404 0.007400195 0.006704366 0.00735569 0.007176095
0.007114082 0.007207701 0.006947382 0.007499352 0.006764649
0.007026171 0.007294991 0.007141772 0.007037635 0.007278374
0.0070314 0.007026836 0.007066736 0.007477059 0.006745018
0.007065885 0.007025391 0.007122177 0.00767855 0.007463325
0.007340013 0.006749298 0.006816855 0.006838268 0.00721244
0.007234481 0.007513555 0.007595574 0.007141661 0.007679674
0.00730042 0.008195165 0.007639075 0.007406648 0.007848439
0.007637246 0.007435711 0.00752443 0.007286011 0.007600867
0.007164869 0.007699206 0.007464535 0.007433423 0.006872396
0.007051742 0.008146242 0.006897851 0.007529337 0.007240966
0.007148714 0.007338705 0.007072811 0.007072002 0.007526455
0.007351284 0.006945741 0.007107403 0.00717116 0.007222311
0.007758127 0.006887232 0.007235795 0.007678988 0.007616149
0.007650073 0.007548686 0.007465964 0.007772027 0.006675421
0.006944211 0.008007846 0.007008123 0.006896876 0.007574731
0.007565023 0.006864817 0.007443205 0.00706901 0.007567045
0.007463951 0.007974405 0.007962073 0.007696229 0.007697562
0.008483805 0.007752965 0.007930724 0.007435532 0.007465058
0.007814089 0.00803805 0.007811594 0.007704456 0.007731303
0.007103691 0.00733517 0.008081787 0.007130928 0.006732081
0.00729177 0.007374202 0.007366521 0.007173776 0.007558801
0.006985884 0.007468986 0.007122301 0.007372798 0.0070908
0.007018714 0.007096909 0.007049018 0.007677036 0.007375481
0.007534811 0.006985003 0.007341283 0.007125635 0.007498299
0.007058862 0.007905971 0.007593389 0.007234468 0.007445125
0.007099476 0.007171693 0.007304722 0.007061393 0.007267513
0.007020088 0.007884631 0.00753252 0.007620024 0.007259268
0.007207834 0.007074975 0.007394239 0.007682124 0.00752487
0.007325542 0.007539581 0.006906736 0.007591393 0.007588069
0.008560435 0.007627767 0.007265032 0.007038701 0.007157287
0.007263006 0.007300374 0.00734849 0.007205045 0.007570146
0.007763724 0.007438999 0.007508819 0.007912959 0.007428979
0.007552156 0.00777577 0.008199723 0.008178604 0.00742816
0.007731124 0.007332982 0.007659579 0.007610944 0.007729019
0.008491635 0.007767513 0.008300188 0.007997003 0.007564659
0.007893896 0.008025219 0.008112165 0.007877535 0.007380922
0.007512358 0.007187655 0.007811623 0.008079391 0.007577592
0.007766911 0.00745785 0.007697928 0.007724158 0.00802167
0.007703908 0.007109294 0.007707396 0.00753084 0.007502963
0.007078141 0.006909515 0.007595442 0.007911387 0.007487372
